0	1.0	0.0
1	-0.6373536737124521	0.0
2	0.5168714107332751	0.0
3	-0.5168714107332716	0.0
4	0.4400115106457767	0.0
5	-0.44001151064577515	0.0
6	0.4040000339281752	0.0
7	-0.2692051311662135	0.0
8	0.269205131166213	0.0
9	-0.24008692313148183	0.0
10	-0.22288864240589712	0.0
11	-0.21282954127146306	0.0
12	0.21282954127146245	0.0
13	0.1496630547005493	0.0
14	-0.13893160258695497	0.0
15	0.13893160258695483	0.0
16	-0.13874019531977874	0.0
17	0.13874019531977866	0.0
18	0.1099516923675636	0.0
19	-0.09854736054008155	0.0
20	0.09854736054008126	0.0
21	-0.09652911201036694	0.0
22	0.09652911201036639	0.0
23	0.09144764428352196	0.0
24	-0.09144764428352128	0.0
25	-0.08756441331150183	0.0
26	-0.08137826028067703	0.0
27	0.08096044254278625	0.0
28	-0.0805507260762878	0.0
29	0.08055072607628742	0.0
30	-0.0801422123012044	0.0
31	-0.0729874907082546	0.0
32	0.07298749070825433	0.0
33	0.07030789534897236	0.0
34	-0.0703078953489722	0.0
35	0.06578213590660134	0.0
36	0.06489411492567226	0.0
37	-0.06489411492567207	0.0
38	-0.05953502103933941	0.0
39	0.05953502103933884	0.0
40	-0.05836645994178209	0.0
41	0.058366459941781995	0.0
42	-0.05603047856358689	0.0
43	-0.05582867842849075	0.0
44	0.05513795426522384	0.0
45	-0.05481792574849503	0.0
46	0.05481792574849493	0.0
47	-0.0544984948498546	0.0
48	0.04756187588591055	0.0
49	-0.04756187588591038	0.0
