0	1.0	1.61763119027e-15
1	-0.701466738279	-2.92160989606e-15
2	-0.475238365255	-6.78975273244e-16
3	0.475238365255	5.31886066101e-16
4	-0.475238365255	-7.30196796543e-16
5	0.475238365255	5.37522091318e-16
6	0.469684907676	4.13681505733e-15
7	-0.318177283608	-3.91475138288e-15
8	-0.283376079268	-3.43695144933e-15
9	-0.282742207931	-2.46883004146e-15
10	-0.282742207931	-2.52622322415e-15
11	0.282742207931	2.41575512258e-15
12	0.282742207931	2.58152057015e-15
13	0.202395556467	3.01641913366e-15
14	-0.165631753914	-1.95263236292e-15
15	0.165631753914	2.01217151289e-15
16	0.165631753914	1.96498361549e-15
17	-0.165631753914	-2.08196413738e-15
18	0.159325482923	2.03012986807e-15
19	-0.126666380348	-2.20998588091e-15
20	0.0999343464881	1.32642748387e-15
21	-0.0999343464881	-1.15019118553e-15
22	-0.0999343464881	-1.14875455166e-15
23	0.0999343464881	1.05036266837e-15
24	-0.0995872408114	-1.5026647535e-15
25	0.0944270742063	1.39044057421e-15
26	-0.0944270742063	-1.40008259774e-15
27	-0.0944270742063	-1.42337264313e-15
28	0.0944270742063	1.45696777384e-15
29	0.083662817753	2.82415580193e-16
30	0.083662817753	2.6323553074e-16
31	-0.083662817753	-2.40470409274e-16
32	-0.083662817753	-5.114416609e-16
33	0.0807432482613	1.64077721087e-15
34	0.0735189892403	1.41877272257e-15
35	-0.0697459584555	-1.00061200248e-15
36	-0.0651724083249	-1.48911763705e-16
37	0.0651724083249	1.53281237299e-16
38	-0.0651724083249	-1.83350398799e-16
39	0.0651724083249	1.29076028507e-16
40	-0.0651724083249	-1.55220347691e-16
41	0.0651724083249	1.83889136504e-16
42	-0.0651724083249	-1.82203854453e-16
43	0.0651724083249	1.89856692616e-16
44	-0.0651724083249	-1.56503303186e-16
45	-0.0651724083249	-1.39823155025e-16
46	0.0651724083249	1.52780082678e-16
47	0.0651724083249	1.55933808146e-16
48	0.0651724083249	1.76705967109e-16
49	-0.0651724083249	-1.77921580391e-16
50	-0.0651724083249	-2.07435037337e-16
51	-0.0565589028249	-4.67015205318e-16
52	-0.0565589028249	-4.89417557319e-16
53	0.0565589028249	4.80940818548e-16
54	0.0565589028249	5.13164930866e-16
55	0.0524314060201	8.84074372093e-16
56	0.0524314060201	8.05620075187e-16
57	-0.0524314060201	-8.57559915425e-16
58	-0.0524314060201	-9.07234294547e-16
59	0.0509637548964	7.62063329671e-16
60	0.0466317527291	5.36859029528e-16
61	-0.0466317527291	-6.17730551946e-16
62	0.0466317527291	5.27305068888e-16
63	-0.0466317527291	-6.19610522333e-16
64	-0.0460017726574	-1.00604970111e-15
