0	1.0	1.0791689246593442e-15
1	-0.6194093824029879	-2.34795783220822e-16
2	-0.5153762021024282	-1.1931308498599155e-16
3	0.5153762021024269	1.2628577903947507e-16
4	0.4354344198090871	1.3565873801261545e-16
5	-0.43543441980908704	-1.3565838595855708e-16
6	0.3680422957006495	1.5573617458350166e-15
7	0.24918628506617008	1.2921908229792723e-15
8	-0.2491862850661685	-1.1668054853719096e-15
9	-0.2074684033736739	-1.1593666885974433e-15
10	0.19607525260984435	8.778640935769807e-16
11	-0.19607525260984415	-8.985271891110286e-16
12	-0.17304027832219948	-4.2733171422664043e-16
13	-0.11887751444465196	-1.6303654564815587e-16
14	0.11887751444465024	1.3293130279258734e-16
15	0.11707735260520535	3.2058787777547204e-16
16	-0.11236624773545786	-2.9880190039823296e-16
17	0.11236624773545736	2.907604593270355e-16
18	-0.09083142728749012	-5.691099893591805e-17
19	0.09083142728749004	5.1563172758355886e-17
20	0.08414566413334713	1.887406181140185e-16
21	-0.08414566413334668	-1.1273300511049e-16
22	-0.08100693103664647	-5.628245312183963e-17
