0	1.0	5.023301945394536e-16
1	-0.6186962514453893	-1.7883663113601636e-15
2	0.5165471957848293	-2.048322890881192e-16
3	-0.5153139071099564	2.2240745470322586e-16
4	0.4352180903764666	4.035867577215965e-16
5	-0.43521769363900026	-3.510570456321423e-16
6	0.36694221435575336	4.033810960690811e-15
7	0.24855030973671646	2.5507880297635213e-15
8	-0.24854962152507812	-2.5811521288037734e-15
9	-0.2066866812446257	-2.972193172366578e-15
10	-0.19617356272174602	-1.8395404600730996e-15
11	0.19561773288229722	1.8112349773013592e-15
12	-0.1721425551378534	-2.4198490979677983e-15
13	0.12078092914959158	5.221511808131649e-16
14	-0.11859974836703645	-6.180900918272353e-16
15	0.11653503419338473	1.7663287947665365e-15
16	-0.11183274836871246	-1.519500987978381e-15
17	0.11183171353853481	1.5253396090315245e-15
18	-0.09170518810173103	2.791713300609857e-16
19	0.09164761917054441	-2.8034183982239255e-16
20	-0.08661316872302043	-3.293951698671885e-16
21	0.08404415945348179	3.242138890447283e-16
22	-0.0817905169005469	2.8321464516745325e-16
23	0.07710161371375662	-2.1251571810872625e-16
