0	1.0	-9.116197429580995e-16
1	-0.6011467862265765	2.0529892492545166e-15
2	-0.5139879919932154	4.847315879241846e-16
3	0.5139879919932134	-8.058888486141315e-16
4	-0.43165151237287713	1.0773099547386998e-15
5	0.4316515123728729	-8.363797340515935e-16
6	0.33158041779940456	-1.1252546177615258e-15
7	-0.22835288468958356	5.76435132836853e-16
8	0.22835288468958348	-6.642908756595068e-16
9	-0.18175256814459168	4.985781138744179e-16
10	0.18175256814459104	-3.6859628532629584e-16
11	-0.181177258510485	6.8212380256750365e-16
12	-0.1312781505051032	9.639519758954802e-16
13	0.10274497033061032	-4.948369807771448e-16
14	-0.10274497033061027	3.009573748700529e-16
