0	1.0	-2.4359979098198465e-16
1	-0.6220724375166745	-2.054280258222077e-16
2	-0.5181512624175266	3.889920011869758e-16
3	0.5181512624175263	-1.9547719944564965e-16
4	0.4355356701732063	-1.4973641235751232e-16
5	-0.43553567017320605	4.8517992723964373e-17
6	0.3763763070003272	7.369837296138902e-16
7	0.25248468978914435	5.999918077384413e-16
8	-0.25248468978914396	-5.40849945927343e-16
9	-0.21343272164434357	-6.160403941993045e-16
10	0.20080422073131537	4.1254495712216845e-16
11	-0.20080422073131493	-3.3240313663315503e-16
12	-0.1885275175317639	-5.498440097896743e-16
13	0.13069340194206466	1.224336238176065e-16
14	-0.13069340194206447	-1.286459545737999e-16
15	0.12594755172559577	4.337269019676151e-16
16	-0.11934402549540622	-3.847345023744894e-16
17	0.1193440254954061	3.8909447053394293e-16
18	-0.09739826212985266	6.678506061502013e-17
19	0.09739826212985235	-6.74611980269124e-17
20	0.09359686325974192	5.557296203332629e-17
21	-0.09359686325974158	-5.498823870693387e-17
22	-0.08837449733268693	5.423285617729301e-17
23	0.08318981428630343	2.012749846330903e-16
24	-0.0831898142863028	-1.6571226951031055e-16
25	0.08164123480003714	-4.223219158687577e-17
26	0.08123117719309039	-5.283743780852224e-17
27	-0.08123117719309007	5.199058964609964e-17
28	-0.08082235243301851	4.4539362458860456e-17
29	0.08002996199446859	1.5134862454422956e-16
30	0.06200465806690669	1.3957938663441197e-17
