0	1.0	1.177295793042272e-15
1	-0.6115797914320915	-3.0805898138274276e-15
2	-0.5132742253355093	-1.2350000589308473e-15
3	0.5132719745459888	1.0893945360555345e-15
4	-0.4344077054496712	-1.5627142059140846e-15
5	0.43368751241895015	1.4864536241687475e-15
6	0.35161526117100755	-6.0132553663807496e-18
7	0.24149112199655906	-3.5788613711211797e-16
8	-0.23758062769601446	3.843608246079047e-16
9	-0.19603373280355577	3.316900204745254e-16
10	0.18915536827932333	-2.6857930400590844e-16
11	-0.18914967448241632	2.685757826901448e-16
12	-0.15345514741029997	-1.2478655362750466e-15
13	-0.10869893817860873	-5.31555742251537e-16
14	0.108689929593762	5.045018047691656e-16
15	0.10561415131531043	7.465712498314612e-16
16	-0.10377671738217834	-7.700186293792702e-16
