0	1.0	-5.090887574753565e-16
1	-0.6247768134232279	1.0378660080942895e-15
2	-0.5179213464783494	-7.019772967067745e-16
3	0.5179213464783491	2.239954632076068e-16
4	-0.43639863858048467	-1.1509263263196224e-16
5	0.4363986385804828	1.1943072207880862e-16
6	0.38133495625637914	-6.8635810565427855e-15
7	0.25543785960088555	-4.630720886878228e-15
8	-0.25543785960088444	4.616191186255722e-15
9	-0.21831960998168362	5.122192428037265e-15
10	-0.20277752420441206	3.3511764047436526e-15
11	0.2027775242044117	-3.2414792348799698e-15
12	-0.1937006745601919	1.5571509791989335e-15
13	-0.1319345296761973	5.191895909840488e-16
14	0.13193452967619593	-9.730504759936325e-16
15	0.13119736168518537	-1.636100757072563e-15
16	-0.12248843680351705	1.1199290788987608e-15
17	0.12248843680351594	-1.007856293485504e-15
18	-0.09724212628277816	2.3354453337841197e-16
19	0.09724212628277812	-2.2119595354275304e-16
20	-0.09429586408049541	1.232860904969762e-15
21	0.09429586408049534	-8.53765642216795e-16
22	-0.08822936609377657	2.375790251158047e-16
23	-0.08479512453596091	5.341450780594688e-16
24	0.08479512453596075	-8.42928619172509e-16
25	0.08430154383655274	-2.1000880935005286e-15
26	0.08151843688586041	-2.1613483046809566e-16
27	0.08110856411270055	-2.0547540059175664e-16
28	-0.08110856411270034	1.9906479389988877e-16
29	-0.08069992003300794	2.057779891888212e-16
30	-0.06349724761491082	6.98458845215073e-16
31	0.06266880349878295	-4.751314517576375e-16
32	-0.06205768310317731	4.905408129663314e-16
33	0.06205768310317624	-5.315270587186215e-16
