0	1.0	-5.714907376794095e-16
1	-0.6361669828316854	1.3382133025169492e-15
2	-0.5169577590765346	8.466495096707519e-16
3	0.5169577590765315	-8.198951207787073e-16
4	-0.43973009950553116	7.683052208562429e-16
5	0.43973009950553	-7.540167061869473e-16
6	0.4016762755053185	1.2502397459692188e-15
7	0.2677880028669682	1.023844680980492e-15
8	-0.2677880028669677	-1.0309796593149766e-15
9	-0.2381930321191725	-1.1987359031796336e-15
10	-0.21924057831509286	3.1549110643755353e-16
11	-0.2119308017489617	-7.779046771979952e-16
12	0.2119308017489612	7.799717757233941e-16
13	0.14778008003083648	-8.721876452750248e-17
14	-0.13817648316497957	2.892481651599511e-16
15	0.13817648316497913	-2.380094788514486e-16
16	0.13646566351815115	-2.1018951981591572e-16
17	-0.13646566351815106	1.8656848199792094e-16
18	0.10599661675614579	2.9866653001518973e-16
19	-0.09806150465841931	-2.361106579587512e-17
20	0.09806150465841927	7.044242895033122e-18
21	0.09659468160629972	-1.792658310794767e-16
22	-0.09659468160629926	1.9408807293249325e-16
23	-0.09089844971645503	1.446320854123332e-16
24	0.09089844971645424	-1.0957906783787988e-16
25	-0.08762716870858167	1.6851906325413857e-16
26	0.08101481699885994	-1.457881446622194e-16
27	0.08060515551319777	-1.3735276178625618e-16
28	-0.08060515551319714	1.4300601807457562e-16
29	-0.08019669951353615	1.436996445010015e-16
30	-0.08016112992868937	2.1643953337291456e-16
31	-0.071312103819543	3.402579980973317e-18
32	0.07131210381954259	2.5543380214925425e-17
33	-0.06886786268899323	-2.1012916460151978e-16
34	0.06886786268899321	1.863870453143093e-16
35	0.06556271067857429	-3.540751440201807e-17
36	0.06405638393534414	-2.0963276467590795e-16
37	-0.06405638393534407	2.1355344325443278e-16
38	-0.058260595058621564	1.815133167978813e-16
39	0.058260595058621495	-1.511388115352431e-16
40	-0.05788530814602422	-9.928445046990333e-17
41	0.05788530814602417	1.0015360651047991e-16
42	-0.055358914011492844	-5.622090850752298e-17
43	0.05477927541437429	4.49631377890617e-17
44	-0.054457586248076	-4.830388605549766e-17
45	0.05445758624807554	4.9406322110841617e-17
46	-0.05413645249853496	-4.774436619058217e-17
47	-0.05391749176100393	-2.1580181979795295e-16
