0	1.0	-2.955961925977215e-11
1	-0.6370126053402269	-1.1644859933613998e-11
2	-0.636056909620589	4.705333878828444e-11
3	0.39965759060709455	-1.038588184660309e-11
4	0.3711957515335672	-9.389156523990726e-12
5	0.36743411315321434	-1.0010890025946272e-11
6	-0.23138353165142125	-2.8921919862017826e-11
7	-0.22965741532052297	3.612488910545001e-11
8	-0.22833982560891616	-6.927313580253555e-12
9	-0.2258852420310512	2.07783008398876e-11
10	-0.17878950180591055	-7.054894778555367e-12
11	-0.17778306039798045	1.6672462003669045e-11
12	0.1394696070474732	-3.0159440918665093e-12
13	0.13847575173191853	5.252868170738296e-13
14	0.12256934334433238	-4.7663239726053405e-12
15	0.11263253334549234	7.93955690201084e-12
16	0.11113295236511929	-1.2161426908441895e-11
17	0.11020807789715913	-3.878100222963415e-12
18	0.0976851319357624	-1.291794381190187e-12
