0	1.0	0.0
1	-0.6189442514864048	0.0
2	0.5139673503707235	0.0
3	-0.5139673503707226	0.0
4	-0.4356003540507941	0.0
5	0.4356003540507933	0.0
6	0.3666866974339205	0.0
7	0.24847966066277266	0.0
8	-0.24847966066277244	0.0
9	-0.20569300624152712	0.0
10	-0.19474198522756178	0.0
11	0.19474198522756161	0.0
12	-0.16966608108190823	0.0
13	0.11579597160933691	0.0
14	-0.11534764206379301	0.0
15	0.1153476420637922	0.0
16	0.11154356841170285	0.0
17	-0.11154356841170278	0.0
18	-0.08779936822618614	0.0
19	0.08779936822618609	0.0
