0	0	0	0.5688099534029488	-1.9491347618376973e-15
0	0	1	0.5710400271583841	-5.328288973697422e-17
0	0	6	0.32510507624873874	2.100080330935407e-15
0	0	9	-0.07430812264369874	-1.0526736026493741e-15
0	0	12	-0.12028037940721285	4.1950393623259876e-16
0	0	15	0.005783145502698011	-2.3755936793659864e-16
0	1	0	0.5710400271583849	-5.328288973697377e-17
0	1	1	0.3450941394045298	3.6571032678251737e-16
0	1	6	-0.15513937573346107	1.3604713336037416e-15
0	1	9	0.3111176145223358	-2.85237341450114e-17
0	1	12	0.01876890593245581	-9.912995568304379e-17
0	1	15	0.1823014808916494	-9.901718677491646e-18
0	2	2	-0.2258801118332295	-4.0932040169443535e-17
0	2	5	0.00013613646573270013	7.287641299642523e-17
0	2	7	-0.0002599463938051464	-3.673962247993719e-17
0	2	10	-0.13069242931497033	3.058248852056961e-16
0	2	13	-0.17145039498536385	1.4530123434061448e-16
0	2	16	-0.0003574871309920808	3.5370098965032417e-17
0	2	20	-0.17825213951633115	-2.7272039550317537e-16
0	3	3	0.2258801118332269	-9.283842220408344e-17
0	3	4	-0.0001361364657330959	1.2015105381634724e-16
0	3	8	0.00025994639380689746	-6.0067465560495e-17
0	3	11	0.13069242931496824	-3.655132336828e-16
0	3	14	0.1714503949853615	-2.2910638567360985e-16
0	3	17	0.0003574871309903544	-1.2061313520241937e-16
0	3	21	0.17825213951632987	1.0230407766767065e-16
0	4	3	-0.00013613646573308992	1.2015105381634724e-16
0	4	4	-0.006810009546805189	-3.416206319878717e-17
0	4	8	0.16009571914166582	-9.383779433564621e-17
0	4	11	0.00020648243955797454	-3.901104808020423e-18
0	4	14	-0.0002913185349286783	-1.0794053115035087e-16
0	4	17	-0.11416088616106201	-1.6545543822263688e-16
0	4	21	0.00021504007914122222	1.204004003727411e-16
0	5	2	0.0001361364657326988	7.287641299642529e-17
0	5	5	0.006810009546805159	-7.897712402601599e-17
0	5	7	-0.16009571914166584	1.1611523441441544e-17
0	5	10	-0.0002064824395585103	7.494513557375204e-17
0	5	13	0.00029131853492787667	2.736898178756807e-17
0	5	16	0.114160886161062	2.296537516883757e-16
0	5	20	-0.0002150400791410128	4.742458903071965e-17
0	6	0	0.3251050762487391	2.100080330935411e-15
0	6	1	-0.1551393757334612	1.3604713336037404e-15
0	6	6	-0.43617249875436437	3.294802766073736e-16
0	6	9	0.31357816907455066	4.84556053240001e-16
0	6	12	-0.16832618698030014	-2.331322023665946e-16
0	6	15	-0.10427246222933419	1.4549157670331866e-16
0	7	2	-0.0002599463938051432	-3.6739622479937425e-17
0	7	5	-0.16009571914166595	1.1611523441441484e-17
0	7	7	-0.1721790277815648	-2.6727323352229827e-16
0	7	10	0.00039856479794892825	2.3478229755032283e-17
0	7	13	-0.0003362106543073026	-5.386449508423072e-17
0	7	16	-0.039346971161038	2.7819973420438034e-16
0	7	20	0.00015654625808540795	-1.1519915197201693e-16
0	8	3	0.0002599463938069191	-6.006746556049507e-17
0	8	4	0.16009571914166587	-9.383779433564615e-17
0	8	8	0.17217902778156466	2.3724371471556323e-17
0	8	11	-0.0003985647979486654	-4.203755750832797e-18
0	8	14	0.00033621065430879994	-8.391274466427733e-17
0	8	17	0.03934697116103851	-1.8602784582046746e-16
0	8	21	-0.00015654625808411178	-2.1504874113378892e-17
0	9	0	-0.07430812264369888	-1.0526736026493751e-15
0	9	1	0.3111176145223361	-2.852373414501149e-17
0	9	6	0.3135781690745512	4.84556053240001e-16
0	9	9	-0.16343727783630982	3.916369592015861e-16
0	9	12	0.2566593952593285	3.2442250384805906e-16
0	9	15	0.12164993636626606	5.131344620176914e-16
0	10	2	-0.13069242931497022	3.05824885205696e-16
0	10	5	-0.00020648243955851236	7.494513557375188e-17
0	10	7	0.00039856479794893166	2.3478229755032443e-17
0	10	10	-0.06734105422583596	4.3312452346191924e-16
0	10	13	-0.11276170915412922	4.538176956080389e-16
0	10	16	0.00042484007736743343	5.83427491757038e-17
0	10	20	-0.13326843986546522	1.458625120587088e-16
0	11	3	0.13069242931496805	-3.6551323368279966e-16
0	11	4	0.0002064824395579658	-3.901104808020459e-18
0	11	8	-0.0003985647979486834	-4.20375575083278e-18
0	11	11	0.06734105422583493	-4.471297826284193e-16
0	11	14	0.11276170915412773	-5.042291727965659e-16
0	11	17	-0.00042484007736836975	-2.0426051449627715e-16
0	11	21	0.13326843986546508	-2.4767031727805066e-16
0	12	0	-0.12028037940721306	4.195039362325987e-16
0	12	1	0.01876890593245601	-9.912995568304343e-17
0	12	6	-0.1683261869803001	-2.3313220236659406e-16
0	12	9	0.2566593952593278	3.2442250384805915e-16
0	12	12	0.2211158646006141	-5.075880973625182e-16
0	12	14	1.5371914132492355e-14	2.613168343243262e-15
0	12	15	0.32688436489506917	-6.983497501951924e-17
0	13	2	-0.17145039498536385	1.4530123434061445e-16
0	13	5	0.0002913185349278788	2.7368981787567997e-17
0	13	7	-0.00033621065430729637	-5.38644950842307e-17
0	13	10	-0.11276170915412935	4.538176956080388e-16
0	13	13	-0.13817293147002077	8.083168989931834e-16
0	13	16	-0.00017036245047662634	3.466308759083526e-17
0	13	20	-0.1581795481543947	1.251616995695936e-16
0	14	3	0.17145039498536158	-2.2910638567360985e-16
0	14	4	-0.0002913185349286931	-1.0794053115035078e-16
0	14	8	0.0003362106543087733	-8.391274466427747e-17
0	14	11	0.11276170915412781	-5.042291727965663e-16
0	14	12	1.537191413249234e-14	2.613168343243259e-15
0	14	14	0.13817293147001586	-9.884647004923755e-16
0	14	17	0.00017036245047419323	-3.0917882795969345e-16
0	14	21	0.15817954815439278	-2.8489588690803804e-16
0	15	0	0.005783145502698098	-2.3755936793659997e-16
0	15	1	0.18230148089164971	-9.901718677491911e-18
0	15	6	-0.10427246222933374	1.4549157670331955e-16
0	15	9	0.12164993636626566	5.131344620176904e-16
0	15	12	0.32688436489506867	-6.983497501951914e-17
0	15	15	0.17317087185567562	-2.7652704809875723e-16
0	16	2	-0.00035748713099209524	3.537009896503273e-17
0	16	5	0.11416088616106213	2.2965375168837593e-16
0	16	7	-0.039346971161037886	2.7819973420438074e-16
0	16	10	0.00042484007736744785	5.834274917570402e-17
0	16	13	-0.00017036245047660114	3.466308759083557e-17
0	16	16	0.15336886360641422	-9.234507683896786e-17
0	16	20	0.00013775996302466473	1.353751423457169e-16
0	17	3	0.0003574871309903426	-1.2061313520241937e-16
0	17	4	-0.11416088616106214	-1.65455438222637e-16
0	17	8	0.039346971161038385	-1.860278458204675e-16
0	17	11	-0.00042484007736838856	-2.0426051449627713e-16
0	17	14	0.00017036245047417673	-3.0917882795969325e-16
0	17	17	-0.1533688636064149	2.265859916846254e-16
0	17	21	-0.00013775996302606546	-9.92645480028012e-17
0	18	18	-0.06927853434835259	1.0162114554160252e-16
0	19	19	0.06927853434835246	-7.491145372978544e-17
0	20	2	-0.17825213951633107	-2.7272039550317547e-16
0	20	5	-0.00021504007914101438	4.7424589030719735e-17
0	20	7	0.0001565462580854122	-1.1519915197201674e-16
0	20	10	-0.13326843986546533	1.4586251205870873e-16
0	20	13	-0.15817954815439472	1.2516169956959366e-16
0	20	16	0.00013775996302466494	1.353751423457167e-16
0	20	20	-0.14381040433474793	-6.004172273195826e-16
0	21	3	0.17825213951632962	1.0230407766767077e-16
0	21	4	0.0002150400791412128	1.2040040037274114e-16
0	21	8	-0.00015654625808412677	-2.150487411337886e-17
0	21	11	0.13326843986546505	-2.4767031727805066e-16
0	21	14	0.1581795481543927	-2.8489588690803785e-16
0	21	17	-0.0001377599630260487	-9.926454800280107e-17
0	21	21	0.1438104043347488	4.0209957941283667e-16
0	22	22	-0.06638136065407547	1.1905182904799622e-16
1	0	2	0.5488788253300598	-1.208247790775249e-16
1	0	3	0.5488788253300616	-2.918605332880228e-16
1	0	4	0.4661861388931196	-2.158993235786205e-16
1	0	5	0.4661861388931207	-5.71531823363011e-16
1	0	7	0.12377332760042208	1.3747611913138223e-15
1	0	8	0.1237733276004226	7.4931108855706e-16
1	0	10	0.09370199749376656	7.097884431490602e-16
1	0	11	0.09370199749376618	1.1160160699744372e-15
1	0	13	-0.02787607823016584	4.141455091061661e-17
1	0	14	-0.027876078230164573	-1.850792932508255e-16
1	0	16	-0.03632069349121916	1.5743426243123063e-16
1	0	17	-0.036320693491219136	1.1443671909547694e-16
1	0	20	0.010477511364935656	-3.090948939285205e-16
1	0	21	0.010477511364935889	-1.3787634504015462e-16
1	1	2	0.24206129113261265	6.5840497615784e-16
1	1	3	0.24206129113261426	1.9259998157815824e-16
1	1	4	0.330038497410978	8.097564896932165e-17
1	1	5	0.33003849741097846	-7.535420541599109e-18
1	1	7	-0.3147276974328884	9.19753725734516e-17
1	1	8	-0.3147276974328887	3.253256738708745e-16
1	1	10	-0.25384721085363227	3.2380476905148147e-16
1	1	11	-0.25384721085363166	1.5262186328224107e-16
1	1	13	-0.13255536729879588	-1.5324133220680733e-16
1	1	14	-0.1325553672987949	-1.6562012903290923e-18
1	1	16	0.09573105559524299	2.2466272138293173e-16
1	1	17	0.0957310555952443	4.991668183706488e-16
1	1	20	0.05244173716306801	-5.767711842398435e-16
1	1	21	0.05244173716306753	-6.224875038184102e-16
1	2	0	0.5488788253300596	-1.2082477907752419e-16
1	2	1	0.2420612911326125	6.584049761578402e-16
1	2	6	0.04362560624917153	1.266691427884033e-15
1	2	9	0.07362970071644992	-2.182856714483364e-16
1	2	12	-0.051612591847947184	1.960180760666858e-16
1	2	15	-0.0453106949192351	6.234717269862585e-17
1	2	18	-0.14809053453402735	-5.275955702510513e-16
1	2	19	-0.14809053453401688	8.230656881943839e-17
1	2	22	0.13214499278918396	-6.97353894752603e-16
1	3	0	0.5488788253300617	-2.918605332880227e-16
1	3	1	0.24206129113261415	1.9259998157815834e-16
1	3	6	0.04362560624917046	9.0859476684413e-16
1	3	9	0.073629700716451	-5.888750769184793e-17
1	3	12	-0.051612591847947725	1.714753680453252e-16
1	3	15	-0.045310694919230385	1.3204610149577598e-17
1	3	18	0.14809053453400475	-4.93131843026351e-16
1	3	19	0.14809053453401516	1.4392355278080685e-17
1	3	22	0.13214499278920702	9.603572518176432e-17
1	4	0	0.4661861388931202	-2.1589932357862043e-16
1	4	1	0.330038497410978	8.097564896932185e-17
1	4	6	-0.0818316940674817	7.702308540515482e-16
1	4	9	0.09973510676039934	7.037907081893719e-17
1	4	12	-0.023683717100953645	1.361594332452563e-16
1	4	15	0.04059001469658288	-2.2217349195097784e-16
1	4	18	0.006715992732121401	-3.3366141222056e-17
1	4	19	0.006715992732121792	2.141444877823866e-16
1	4	22	4.710693963339257e-06	-2.436817393347688e-16
1	5	0	0.4661861388931213	-5.715318233630112e-16
1	5	1	0.33003849741097846	-7.535420541598616e-18
1	5	6	-0.08183169406748121	9.17952317525362e-16
1	5	9	0.09973510676039937	-8.204471046377689e-18
1	5	12	-0.02368371710095396	2.085515674153759e-16
1	5	15	0.04059001469658287	-1.8595617693889464e-16
1	5	18	-0.006715992732120805	-1.6992027418899876e-16
1	5	19	-0.006715992732120417	9.121187976416563e-17
1	5	22	4.71069396131925e-06	-3.6920602753791676e-16
1	6	2	0.043625606249171625	1.266691427884035e-15
1	6	3	0.04362560624917055	9.085947668441304e-16
1	6	4	-0.08183169406748157	7.702308540515474e-16
1	6	5	-0.08183169406748106	9.179523175253627e-16
1	6	7	-0.34900989332690713	-8.380256668935685e-16
1	6	8	-0.3490098933269077	-2.44776616875782e-16
1	6	10	-0.27711874135226694	-2.292060810859464e-16
1	6	11	-0.27711874135226683	-7.581031964195293e-16
1	6	13	0.12268757812020367	4.839252503515023e-17
1	6	14	0.12268757812020428	5.710100385688874e-17
1	6	16	-0.19063860180680245	1.2071274528414776e-16
1	6	17	-0.1906386018068025	8.758122387455862e-17
1	6	20	0.1011995359773273	-2.505953594205e-16
1	6	21	0.10119953597732502	-6.035444018611676e-16
1	7	0	0.123773327600422	1.3747611913138227e-15
1	7	1	-0.31472769743288836	9.197537257345137e-17
1	7	6	-0.34900989332690724	-8.380256668935682e-16
1	7	9	0.12496981512111568	2.5025926210518284e-16
1	7	12	-0.16173048691579123	-1.6536142473823155e-16
1	7	15	-0.04534226772577894	-8.181801857150008e-17
1	7	18	-0.004468811305549984	-9.661683959357992e-17
1	7	19	-0.004468811305548722	-1.4965093277263928e-16
1	7	22	3.1211260325585713e-06	1.5077209748012872e-16
1	8	0	0.1237733276004226	7.493110885570608e-16
1	8	1	-0.31472769743288886	3.2532567387087434e-16
1	8	6	-0.34900989332690796	-2.4477661687578154e-16
1	8	9	0.12496981512111638	-1.1078038463428479e-16
1	8	12	-0.16173048691579167	3.161117801730993e-18
1	8	15	-0.04534226772577924	-1.319704145105956e-16
1	8	18	0.004468811305551479	-1.2777627612447602e-16
1	8	19	0.004468811305552734	-1.8319233899158298e-16
1	8	22	3.121126034357491e-06	7.832728690265872e-17
1	9	2	0.07362970071644992	-2.1828567144833697e-16
1	9	3	0.07362970071645099	-5.888750769184799e-17
1	9	4	0.09973510676039929	7.037907081893753e-17
1	9	5	0.09973510676039933	-8.204471046377684e-18
1	9	7	0.12496981512111605	2.502592621051835e-16
1	9	8	0.12496981512111657	-1.1078038463428465e-16
1	9	10	0.17572832548277856	1.1742369029936985e-16
1	9	11	0.17572832548277856	5.151301251423978e-16
1	9	13	-0.16700795321882195	-4.765056581585116e-16
1	9	14	-0.16700795321882292	-4.3688945377386396e-16
1	9	15	1.0937266280583352e-14	1.3339459663560807e-15
1	9	16	0.14314214105850412	4.3545492832336756e-16
1	9	17	0.14314214105850423	6.187961930640355e-16
1	9	20	-0.09625923074066513	3.178912399653847e-16
1	9	21	-0.09625923074066373	6.407611493220633e-16
1	10	0	0.0937019974937666	7.097884431490605e-16
1	10	1	-0.2538472108536323	3.2380476905148103e-16
1	10	6	-0.2771187413522667	-2.2920608108594607e-16
1	10	9	0.17572832548277828	1.1742369029936975e-16
1	10	12	-0.13427316244467483	-1.812484282925735e-16
1	10	15	-0.11470005226192292	9.767259324009071e-17
1	10	18	-0.07413445053025904	-1.858086347869247e-16
1	10	19	-0.07413445053025171	3.636934200073565e-17
1	10	22	0.08178536521897913	-4.1544412971483876e-16
1	11	0	0.0937019974937662	1.1160160699744372e-15
1	11	1	-0.2538472108536317	1.5262186328224077e-16
1	11	6	-0.2771187413522667	-7.581031964195284e-16
1	11	9	0.17572832548277842	5.151301251423972e-16
1	11	12	-0.13427316244467555	-2.921878310790426e-16
1	11	15	-0.11470005226192113	4.245146677582907e-17
1	11	18	0.0741344505302455	-5.395522648455534e-16
1	11	19	0.07413445053025276	-4.0320878522764817e-16
1	11	22	0.08178536521899119	7.939830125549944e-17
1	12	2	-0.05161259184794724	1.960180760666866e-16
1	12	3	-0.05161259184794776	1.7147536804532586e-16
1	12	4	-0.023683717100953558	1.3615943324525685e-16
1	12	5	-0.023683717100953895	2.0855156741537608e-16
1	12	7	-0.16173048691579106	-1.6536142473823133e-16
1	12	8	-0.1617304869157914	3.1611178017311592e-18
1	12	10	-0.1342731624446747	-1.812484282925732e-16
1	12	11	-0.13427316244467533	-2.9218783107904207e-16
1	12	13	-0.1306649901972029	-3.3646579154714807e-16
1	12	14	-0.13066499019720407	-8.957257000890305e-17
1	12	16	0.26302698117938866	-2.041993029103831e-16
1	12	17	0.2630269811793902	6.544081878275962e-17
1	12	20	0.11892894252811197	-5.443867321882894e-17
1	12	21	0.11892894252811305	-1.618513854766595e-16
1	13	0	-0.02787607823016594	4.1414550910616906e-17
1	13	1	-0.132555367298796	-1.5324133220680753e-16
1	13	6	0.12268757812020355	4.8392525035149396e-17
1	13	9	-0.1670079532188217	-4.765056581585116e-16
1	13	12	-0.13066499019720287	-3.364657915471484e-16
1	13	15	-0.15649160881357552	8.307400035033821e-17
1	13	18	-0.1348722686484624	6.670330148385488e-17
1	13	19	-0.1348722686484516	3.0172222460719997e-16
1	13	22	0.13017402171161485	-6.686659423412959e-16
1	14	0	-0.027876078230164546	-1.8507929325082546e-16
1	14	1	-0.13255536729879508	-1.6562012903292194e-18
1	14	6	0.12268757812020421	5.710100385688843e-17
1	14	9	-0.16700795321882275	-4.368894537738635e-16
1	14	12	-0.13066499019720404	-8.957257000890279e-17
1	14	14	-1.536832115326048e-14	-2.5560408351497714e-15
1	14	15	-0.15649160881357216	1.7547333559136444e-16
1	14	18	0.1348722686484388	-5.716107154954567e-16
1	14	19	0.13487226864844956	-4.2041525355813113e-16
1	14	22	0.13017402171163514	-7.443121438823308e-17
1	15	2	-0.045310694919235	6.234717269862556e-17
1	15	3	-0.045310694919230295	1.3204610149577438e-17
1	15	4	0.04059001469658301	-2.221734919509779e-16
1	15	5	0.04059001469658296	-1.8595617693889484e-16
1	15	7	-0.04534226772577881	-8.181801857149936e-17
1	15	8	-0.04534226772577906	-1.3197041451059533e-16
1	15	9	1.0937266280583328e-14	1.333945966356077e-15
1	15	10	-0.11470005226192273	9.767259324009152e-17
1	15	11	-0.11470005226192101	4.245146677583008e-17
1	15	13	-0.15649160881357557	8.307400035033787e-17
1	15	14	-0.15649160881357219	1.7547333559136431e-16
1	15	15	1.6945176356761553e-14	2.822786621278693e-15
1	15	16	0.1372056525422518	-1.9409161065290223e-16
1	15	17	0.13720565254225284	1.3602427817923252e-16
1	15	20	-0.0013027624311724073	-5.09314081413937e-17
1	15	21	-0.0013027624311697432	-1.7125964397482508e-17
1	16	0	-0.03632069349121925	1.5743426243122994e-16
1	16	1	0.09573105559524314	2.2466272138293124e-16
1	16	6	-0.19063860180680217	1.207127452841484e-16
1	16	9	0.14314214105850376	4.3545492832336707e-16
1	16	12	0.26302698117938855	-2.0419930291038262e-16
1	16	15	0.1372056525422517	-1.9409161065290247e-16
1	16	18	0.0006332470057964943	-1.215634054422808e-16
1	16	19	0.0006332470057948276	4.5922638611668657e-17
1	16	22	-1.8716863674228266e-07	-8.024055238027214e-17
1	17	0	-0.03632069349121922	1.1443671909547664e-16
1	17	1	0.09573105559524446	4.991668183706489e-16
1	17	6	-0.19063860180680217	8.758122387455948e-17
1	17	9	0.1431421410585039	6.187961930640344e-16
1	17	12	0.26302698117939	6.544081878275946e-17
1	17	15	0.13720565254225275	1.3602427817923232e-16
1	17	18	-0.0006332470057982426	-2.1507355849080522e-16
1	17	19	-0.0006332470057998832	-6.0919202819473e-17
1	17	22	-1.87168637298227e-07	-2.0354194058100328e-16
1	18	2	-0.14809053453402737	-5.275955702510509e-16
1	18	3	0.1480905345340047	-4.931318430263507e-16
1	18	4	0.006715992732121408	-3.336614122205575e-17
1	18	5	-0.0067159927321208054	-1.6992027418899864e-16
1	18	7	-0.004468811305549984	-9.661683959357984e-17
1	18	8	0.004468811305551482	-1.2777627612447604e-16
1	18	10	-0.07413445053025912	-1.8580863478692488e-16
1	18	11	0.07413445053024563	-5.395522648455535e-16
1	18	13	-0.13487226864846247	6.67033014838551e-17
1	18	14	0.13487226864843882	-5.716107154954571e-16
1	18	16	0.0006332470057965023	-1.2156340544228115e-16
1	18	17	-0.0006332470057982401	-2.1507355849080524e-16
1	18	20	-0.10232546326891566	-3.806950603748456e-16
1	18	21	0.10232546326889805	-2.397468114155998e-16
1	19	2	-0.1480905345340168	8.230656881943831e-17
1	19	3	0.1480905345340152	1.439235527808079e-17
1	19	4	0.006715992732121797	2.1414448778238683e-16
1	19	5	-0.006715992732120417	9.121187976416571e-17
1	19	7	-0.004468811305548724	-1.4965093277263918e-16
1	19	8	0.004468811305552733	-1.8319233899158305e-16
1	19	10	-0.07413445053025175	3.6369342000735586e-17
1	19	11	0.07413445053025283	-4.032087852276482e-16
1	19	13	-0.13487226864845156	3.0172222460719967e-16
1	19	14	0.1348722686484496	-4.204152535581311e-16
1	19	16	0.0006332470057948346	4.5922638611668416e-17
1	19	17	-0.0006332470057998829	-6.091920281947313e-17
1	19	20	-0.1023254632689086	-5.62309978807875e-17
1	19	21	0.10232546326890506	-3.111785843183115e-17
1	20	0	0.010477511364935717	-3.0909489392852146e-16
1	20	1	0.052441737163068006	-5.76771184239844e-16
1	20	6	0.10119953597732745	-2.505953594205002e-16
1	20	9	-0.09625923074066509	3.1789123996538463e-16
1	20	12	0.11892894252811202	-5.443867321882935e-17
1	20	15	-0.0013027624311723067	-5.0931408141393684e-17
1	20	18	-0.10232546326891562	-3.806950603748459e-16
1	20	19	-0.10232546326890857	-5.623099788078748e-17
1	20	22	0.10277325981917225	-6.838361953344373e-17
1	21	0	0.01047751136493589	-1.3787634504015485e-16
1	21	1	0.052441737163067575	-6.22487503818411e-16
1	21	6	0.10119953597732506	-6.035444018611683e-16
1	21	9	-0.09625923074066368	6.407611493220625e-16
1	21	12	0.11892894252811315	-1.6185138547665994e-16
1	21	15	-0.0013027624311696005	-1.7125964397482613e-17
1	21	18	0.10232546326889802	-2.397468114155997e-16
1	21	19	0.10232546326890495	-3.111785843183117e-17
1	21	22	0.10277325981918975	4.965648243815449e-16
1	22	2	0.13214499278918393	-6.97353894752603e-16
1	22	3	0.13214499278920697	9.603572518176427e-17
1	22	4	4.710693963324796e-06	-2.436817393347685e-16
1	22	5	4.710693961318164e-06	-3.692060275379168e-16
1	22	7	3.1211260325413397e-06	1.507720974801286e-16
1	22	8	3.12112603432536e-06	7.832728690265887e-17
1	22	10	0.08178536521897922	-4.154441297148388e-16
1	22	11	0.08178536521899127	7.939830125550004e-17
1	22	13	0.13017402171161482	-6.686659423412961e-16
1	22	14	0.1301740217116351	-7.443121438823299e-17
1	22	16	-1.871686367312623e-07	-8.024055238027179e-17
1	22	17	-1.871686372797233e-07	-2.035419405810032e-16
1	22	20	0.10277325981917229	-6.838361953344352e-17
1	22	21	0.10277325981918985	4.965648243815458e-16
2	0	18	0.02403068858745978	1.6760425403566994e-17
2	0	19	0.024030688587459794	1.8815372474372295e-17
2	1	18	-0.0022886588030507746	2.1221883808964905e-17
2	1	19	-0.002288658803050777	2.136665205715762e-17
2	2	2	0.03343784277051761	-8.93342242803985e-18
2	2	3	0.03343784277051763	-1.978590115923765e-18
2	2	10	-0.009987916853763781	2.368540767348792e-17
2	2	11	-0.009987916853763847	3.477398190856296e-17
2	2	13	-0.003137641922807289	7.279287818332719e-18
2	2	14	-0.0031376419228070847	4.594621354402271e-18
2	2	20	0.0012680081019595933	-3.6491501200406907e-17
2	2	21	0.0012680081019595002	-4.261899169911395e-17
2	3	2	0.03343784277051764	-1.9785901159237547e-18
2	3	3	0.033437842770517666	4.8857486329341254e-18
2	3	10	-0.009987916853763792	2.2910592525774348e-17
2	3	11	-0.00998791685376386	3.3922591752711614e-17
2	3	13	-0.0031376419228072968	6.730373144849016e-18
2	3	14	-0.0031376419228070947	3.8945678863300966e-18
2	3	20	0.0012680081019596087	-3.589670294213774e-17
2	3	21	0.001268008101959517	-4.1988444875137914e-17
2	4	4	0.031041832749252287	3.6427204657530366e-18
2	4	5	0.031041832749252245	-7.81197475918197e-18
2	4	7	-0.014733522670283486	-1.0942881869168484e-17
2	4	8	-0.014733522670283479	6.8229846968192794e-18
2	4	16	-0.002073207737988706	7.696045683732478e-18
2	4	17	-0.0020732077379887245	2.887001017509964e-18
2	5	4	0.031041832749252256	-7.811974759181961e-18
2	5	5	0.03104183274925221	-1.9268998399790494e-17
2	5	7	-0.014733522670283461	1.54398755772025e-17
2	5	8	-0.014733522670283454	3.3207876071402324e-17
2	5	16	-0.002073207737988705	1.2779660642076177e-17
2	5	17	-0.002073207737988726	7.970182299417878e-18
2	6	18	-0.00122587108528647	2.9508280867529085e-17
2	6	19	-0.0012258710852864718	2.9508418068949355e-17
2	7	4	-0.014733522670283482	-1.0942881869168471e-17
2	7	5	-0.014733522670283456	1.54398755772025e-17
2	7	7	-0.02257937846393184	-7.451166104448036e-17
2	7	8	-0.02257937846393184	-4.210902207578402e-17
2	7	16	-0.013567190589793944	-8.610915157212239e-18
2	7	17	-0.013567190589793934	-6.042102550515336e-18
2	8	4	-0.014733522670283473	6.822984696819274e-18
2	8	5	-0.014733522670283447	3.3207876071402324e-17
2	8	7	-0.02257937846393184	-4.210902207578406e-17
2	8	8	-0.02257937846393185	-9.667175092913703e-18
2	8	16	-0.013567190589793941	4.904986126266596e-20
2	8	17	-0.013567190589793934	2.6318249530883308e-18
2	9	18	0.000846104176590794	2.4346848489635928e-18
2	9	19	0.000846104176590794	2.4980930449780845e-18
2	10	2	-0.009987916853763778	2.368540767348793e-17
2	10	3	-0.009987916853763787	2.2910592525774376e-17
2	10	10	-0.020246883359645845	-4.2208361416098884e-17
2	10	11	-0.020246883359645893	-6.708665315907361e-17
2	10	13	0.011262870400270204	2.4748011237938646e-17
2	10	14	0.011262870400270375	2.848220582886201e-17
2	10	20	0.0061439358679185145	-1.9039743361655317e-17
2	10	21	0.0061439358679183835	-3.856933876726787e-17
2	11	2	-0.009987916853763844	3.477398190856297e-17
2	11	3	-0.009987916853763849	3.3922591752711645e-17
2	11	10	-0.020246883359645897	-6.708665315907361e-17
2	11	11	-0.020246883359645952	-9.198236618459828e-17
2	11	13	0.011262870400270256	2.5918449659210914e-17
2	11	14	0.011262870400270427	2.9570506305859974e-17
2	11	20	0.006143935867918546	-1.1281716642810537e-17
2	11	21	0.0061439358679184165	-3.0846515010526576e-17
2	12	18	-0.001897664132207821	5.562084935560882e-18
2	12	19	-0.0018976641322078218	5.8561531818735206e-18
2	13	2	-0.0031376419228073	7.279287818332708e-18
2	13	3	-0.0031376419228073067	6.730373144849009e-18
2	13	10	0.0112628704002702	2.4748011237938562e-17
2	13	11	0.011262870400270252	2.5918449659210853e-17
2	13	13	0.00749103108363462	4.470035346528865e-17
2	13	14	0.007491031083634751	4.672308291620512e-17
2	13	20	-0.005105469005962121	1.30066506549719e-17
2	13	21	-0.005105469005962072	1.0596459818309373e-17
2	14	2	-0.0031376419228070955	4.594621354402242e-18
2	14	3	-0.0031376419228071016	3.894567886330085e-18
2	14	10	0.011262870400270363	2.848220582886196e-17
2	14	11	0.011262870400270415	2.957050630585991e-17
2	14	13	0.00749103108363475	4.67230829162051e-17
2	14	14	0.007491031083634879	4.852521726437443e-17
2	14	20	-0.005105469005962196	1.1919483826456553e-17
2	14	21	-0.0051054690059621445	9.567910107004727e-18
2	15	18	-0.009742689496083323	2.4477133971347844e-17
2	15	19	-0.00974268949608333	2.3541298180678145e-17
2	16	4	-0.002073207737988693	7.696045683732493e-18
2	16	5	-0.002073207737988692	1.2779660642076151e-17
2	16	7	-0.01356719058979393	-8.610915157212199e-18
2	16	8	-0.013567190589793925	4.904986126268358e-20
2	16	16	0.015466801510779345	9.958707048454534e-19
2	16	17	0.015466801510779345	8.81499875660098e-18
2	17	4	-0.0020732077379887145	2.8870010175099765e-18
2	17	5	-0.0020732077379887128	7.97018229941785e-18
2	17	7	-0.01356719058979392	-6.04210255051529e-18
2	17	8	-0.013567190589793918	2.631824953088365e-18
2	17	16	0.015466801510779343	8.814998756600994e-18
2	17	17	0.015466801510779343	1.6628372772176153e-17
2	18	0	0.024030688587459777	1.6760425403567003e-17
2	18	1	-0.0022886588030507794	2.1221883808964878e-17
2	18	6	-0.0012258710852864742	2.950828086752907e-17
2	18	9	0.0008461041765907935	2.434684848963587e-18
2	18	12	-0.0018976641322078283	5.562084935560849e-18
2	18	15	-0.009742689496083324	2.4477133971347832e-17
2	18	22	0.020658500962571	-2.200787349691351e-17
2	19	0	0.02403068858745979	1.8815372474372302e-17
2	19	1	-0.002288658803050778	2.1366652057157586e-17
2	19	6	-0.0012258710852864744	2.9508418068949355e-17
2	19	9	0.0008461041765907937	2.498093044978077e-18
2	19	12	-0.0018976641322078298	5.856153181873478e-18
2	19	15	-0.009742689496083331	2.354129818067813e-17
2	19	22	0.02065850096257101	-1.9966569456263467e-17
2	20	2	0.0012680081019595922	-3.6491501200406925e-17
2	20	3	0.001268008101959606	-3.589670294213775e-17
2	20	10	0.006143935867918515	-1.903974336165535e-17
2	20	11	0.006143935867918551	-1.1281716642810532e-17
2	20	13	-0.005105469005962127	1.3006650654971875e-17
2	20	14	-0.0051054690059622	1.191948382645656e-17
2	20	20	-0.00465852018778709	1.2272361034057196e-17
2	20	21	-0.004658520187787064	2.1757307961891362e-17
2	21	2	0.0012680081019594987	-4.261899169911394e-17
2	21	3	0.0012680081019595165	-4.198844487513789e-17
2	21	10	0.006143935867918386	-3.856933876726791e-17
2	21	11	0.006143935867918419	-3.084651501052655e-17
2	21	13	-0.0051054690059620786	1.0596459818309364e-17
2	21	14	-0.005105469005962152	9.56791010700473e-18
2	21	20	-0.004658520187787063	2.1757307961891374e-17
2	21	21	-0.004658520187787039	3.117343572110848e-17
2	22	18	0.020658500962571002	-2.2007873496913518e-17
2	22	19	0.02065850096257101	-1.996656945626347e-17
3	0	2	-0.5488788253300597	6.037473293653296e-16
3	0	3	0.548878825330061	-6.757816159384093e-16
3	0	4	0.46618613889311844	-1.285477074108571e-17
3	0	5	-0.46618613889312094	-6.468552790452177e-17
3	0	7	-0.12377332760042138	-1.1881070368654283e-15
3	0	8	0.1237733276004216	5.281421893272325e-16
3	0	10	-0.09370199749376693	-1.1284507725362084e-15
3	0	11	0.09370199749376644	1.2451636069629057e-15
3	0	13	0.02787607823016596	-2.5541068098297582e-17
3	0	14	-0.027876078230164608	-3.1613981320191776e-16
3	0	16	0.03632069349121929	-6.698711654833179e-17
3	0	17	-0.03632069349121944	-4.342477282551892e-17
3	0	20	-0.010477511364935436	1.6906234035742797e-16
3	0	21	0.010477511364935667	-2.8409457302683697e-16
3	1	2	-0.24206129113261243	2.289551316150905e-17
3	1	3	0.24206129113261438	-1.0437292432986281e-16
3	1	4	0.33003849741097735	5.695232699938932e-16
3	1	5	-0.33003849741097874	-4.578680760570939e-16
3	1	7	0.31472769743288814	-5.121825069609122e-16
3	1	8	-0.31472769743288964	-1.0994844817552485e-16
3	1	10	0.2538472108536315	-1.8332307993445784e-16
3	1	11	-0.2538472108536312	3.660349733913054e-16
3	1	13	0.13255536729879627	1.3365295833867947e-16
3	1	14	-0.13255536729879536	-3.237039359082663e-16
3	1	16	-0.0957310555952434	-2.942706550228102e-16
3	1	17	0.09573105559524389	1.408854440581742e-16
3	1	20	-0.05244173716306909	6.531870028155253e-16
3	1	21	0.0524417371630675	-7.443609269381342e-16
3	2	0	-0.5488788253300596	6.037473293653295e-16
3	2	1	-0.24206129113261235	2.2895513161508705e-17
3	2	6	-0.04362560624917138	-9.934409012424207e-16
3	2	9	-0.07362970071645022	8.133288654490337e-17
3	2	12	0.051612591847947316	-3.5724388733146815e-16
3	2	15	0.04531069491923526	1.4196243522812302e-16
3	2	18	-0.14809053453402768	-1.77585121604268e-16
3	2	19	0.1480905345340166	-1.4524202491296806e-16
3	2	22	0.1321449927891838	-1.0883016614438674e-16
3	3	0	0.5488788253300609	-6.757816159384085e-16
3	3	1	0.24206129113261438	-1.0437292432986236e-16
3	3	6	0.04362560624917065	9.711037738565334e-16
3	3	9	0.07362970071645077	-2.1608076980952232e-16
3	3	12	-0.05161259184794705	8.549459487285455e-17
3	3	15	-0.04531069491923038	7.769859367332661e-17
3	3	18	-0.14809053453400428	2.4442357726211114e-16
3	3	19	0.1480905345340151	-2.5307542382598986e-18
3	3	22	-0.13214499278920672	-6.160181344397345e-16
3	4	0	0.466186138893119	-1.2854770741085213e-17
3	4	1	0.33003849741097724	5.695232699938929e-16
3	4	6	-0.08183169406748166	1.1719949864110572e-15
3	4	9	0.09973510676039901	1.8922201120446405e-17
3	4	12	-0.023683717100953502	3.194145548319598e-16
3	4	15	0.04059001469658292	-1.4201937498290198e-16
3	4	18	-0.006715992732121192	-1.826162380481316e-16
3	4	19	0.006715992732122211	1.3929500708548143e-16
3	4	22	-4.710693962795265e-06	-3.613906596035504e-16
3	5	0	-0.4661861388931216	-6.468552790452266e-17
3	5	1	-0.3300384974109787	-4.578680760570939e-16
3	5	6	0.08183169406748159	-1.0564680325397927e-15
3	5	9	-0.09973510676039937	4.063394105084857e-17
3	5	12	0.023683717100953728	-1.613125771853643e-16
3	5	15	-0.04059001469658287	1.342806938884354e-16
3	5	18	-0.0067159927321214195	1.998785575303574e-16
3	5	19	0.006715992732120311	-1.7799310276873532e-16
3	5	22	4.71069396132396e-06	2.447750881455527e-16
3	6	2	-0.043625606249171486	-9.9344090124242e-16
3	6	3	0.043625606249170744	9.711037738565332e-16
3	6	4	-0.08183169406748156	1.1719949864110584e-15
3	6	5	0.08183169406748146	-1.0564680325397919e-15
3	6	7	0.3490098933269067	4.0105545237477635e-16
3	6	8	-0.34900989332690824	-6.487646423560674e-16
3	6	10	0.27711874135226633	6.415234082346406e-16
3	6	11	-0.277118741352267	-7.319394614275116e-16
3	6	13	-0.1226875781202037	-1.231776555094618e-16
3	6	14	0.12268757812020342	2.87306653302089e-17
3	6	16	0.1906386018068019	-2.285891264249421e-16
3	6	17	-0.19063860180680342	3.475447620546443e-17
3	6	20	-0.10119953597732534	5.604246470187844e-16
3	6	21	0.10119953597732488	-2.849189659196986e-16
3	7	0	-0.1237733276004214	-1.1881070368654295e-15
3	7	1	0.3147276974328882	-5.12182506960912e-16
3	7	6	0.3490098933269068	4.0105545237477576e-16
3	7	9	-0.12496981512111566	-3.1040108293717626e-17
3	7	12	0.16173048691579076	1.0514299167011875e-17
3	7	15	0.04534226772577874	3.9589086720822224e-17
3	7	18	-0.0044688113055504405	-8.06992200979418e-17
3	7	19	0.004468811305548943	2.597224533674103e-16
3	7	22	3.1211260325950343e-06	-7.431222966563276e-17
3	8	0	0.1237733276004216	5.281421893272319e-16
3	8	1	-0.31472769743288986	-1.0994844817552491e-16
3	8	6	-0.34900989332690824	-6.48764642356067e-16
3	8	9	0.12496981512111635	-1.34380987075629e-17
3	8	12	-0.16173048691579126	-1.1621021301309254e-16
3	8	15	-0.04534226772577925	-1.3994958303828238e-16
3	8	18	-0.0044688113055507865	-1.399904850814004e-16
3	8	19	0.004468811305552279	-9.602884541773373e-17
3	8	22	-3.1211260350695712e-06	1.226751273972336e-16
3	9	2	-0.0736297007164502	8.133288654490362e-17
3	9	3	0.07362970071645071	-2.1608076980952235e-16
3	9	4	0.09973510676039903	1.892220112044645e-17
3	9	5	-0.09973510676039937	4.0633941050848816e-17
3	9	7	-0.12496981512111585	-3.104010829371788e-17
3	9	8	0.12496981512111655	-1.3438098707562124e-17
3	9	10	-0.17572832548277847	-4.2132658594697817e-16
3	9	11	0.1757283254827789	4.084952110617172e-16
3	9	13	0.16700795321882195	4.808227462195889e-16
3	9	14	-0.16700795321882267	-5.298301365786684e-16
3	9	16	-0.14314214105850387	-3.4376799474666943e-16
3	9	17	0.14314214105850537	5.444006639965268e-16
3	9	20	0.09625923074066302	-5.773440496747647e-16
3	9	21	-0.0962592307406638	3.105331475121052e-16
3	10	0	-0.09370199749376676	-1.1284507725362082e-15
3	10	1	0.25384721085363143	-1.8332307993445717e-16
3	10	6	0.2771187413522663	6.415234082346406e-16
3	10	9	-0.17572832548277822	-4.2132658594697753e-16
3	10	12	0.13427316244467516	3.3588934481976445e-16
3	10	15	0.1147000522619228	4.031159328023524e-17
3	10	18	-0.07413445053025945	1.141985965350175e-16
3	10	19	0.07413445053025182	-1.1535189851250975e-16
3	10	22	0.08178536521897925	-3.638028039284789e-16
3	11	0	0.09370199749376629	1.2451636069629057e-15
3	11	1	-0.2538472108536312	3.660349733913052e-16
3	11	6	-0.2771187413522669	-7.319394614275118e-16
3	11	9	0.17572832548277875	4.0849521106171636e-16
3	11	12	-0.1342731624446749	-2.998586219767293e-16
3	11	15	-0.11470005226192082	1.3329388928852194e-16
3	11	18	-0.07413445053024538	2.3382453752726307e-16
3	11	19	0.07413445053025297	-3.2379565642079445e-16
3	11	22	-0.08178536521899137	3.1531863858704664e-17
3	12	2	0.05161259184794735	-3.572438873314685e-16
3	12	3	-0.051612591847947004	8.549459487285501e-17
3	12	4	-0.023683717100953364	3.194145548319603e-16
3	12	5	0.023683717100953624	-1.613125771853646e-16
3	12	7	0.16173048691579053	1.0514299167011496e-17
3	12	8	-0.16173048691579106	-1.1621021301309244e-16
3	12	10	0.13427316244467488	3.3588934481976406e-16
3	12	11	-0.13427316244467474	-2.9985862197672914e-16
3	12	13	0.1306649901972033	3.03280345083436e-16
3	12	14	-0.13066499019720407	-3.054065017349579e-16
3	12	16	-0.26302698117938883	1.4362460662078453e-16
3	12	17	0.2630269811793895	3.581622497025383e-17
3	12	20	-0.11892894252811491	1.0095759275118685e-16
3	12	21	0.11892894252811372	-4.336240350453711e-16
3	13	0	0.027876078230166246	-2.5541068098298402e-17
3	13	1	0.1325553672987964	1.3365295833867969e-16
3	13	6	-0.12268757812020355	-1.231776555094609e-16
3	13	9	0.1670079532188217	4.808227462195881e-16
3	13	12	0.1306649901972034	3.0328034508343605e-16
3	13	15	0.15649160881357585	5.856123421502721e-17
3	13	18	-0.1348722686484621	-1.3626692903030016e-16
3	13	19	0.13487226864845114	-2.4757059007682055e-16
3	13	22	0.13017402171161505	-7.4898482841282e-16
3	14	0	-0.02787607823016484	-3.1613981320191747e-16
3	14	1	-0.1325553672987955	-3.2370393590826713e-16
3	14	6	0.12268757812020338	2.8730665330208415e-17
3	14	9	-0.16700795321882236	-5.298301365786683e-16
3	14	12	-0.13066499019720396	-3.0540650173495777e-16
3	14	14	-1.5527360362077282e-14	-2.75175089547912e-15
3	14	15	-0.15649160881357202	1.624770349100321e-16
3	14	18	-0.13487226864843918	8.201548803312067e-16
3	14	19	0.13487226864844995	-5.195175733031814e-16
3	14	22	-0.13017402171163467	2.7417148849290103e-17
3	15	2	0.04531069491923516	1.4196243522812307e-16
3	15	3	-0.04531069491923026	7.769859367332627e-17
3	15	4	0.04059001469658309	-1.4201937498290235e-16
3	15	5	-0.04059001469658302	1.3428069388843536e-16
3	15	7	0.04534226772577863	3.9589086720821614e-17
3	15	8	-0.045342267725779144	-1.3994958303828191e-16
3	15	10	0.11470005226192265	4.0311593280234334e-17
3	15	11	-0.11470005226192066	1.3329388928852286e-16
3	15	13	0.15649160881357596	5.85612342150276e-17
3	15	14	-0.15649160881357216	1.6247703491003191e-16
3	15	15	1.7377696441059155e-14	2.734106509003451e-15
3	15	16	-0.1372056525422521	1.9276058386992058e-16
3	15	17	0.13720565254225317	5.815906634274638e-17
3	15	20	0.0013027624311710364	1.2270607006347707e-16
3	15	21	-0.001302762431169649	-4.9505308732463545e-17
3	16	0	0.036320693491219386	-6.698711654833103e-17
3	16	1	-0.09573105559524354	-2.942706550228101e-16
3	16	6	0.19063860180680156	-2.285891264249426e-16
3	16	9	-0.14314214105850354	-3.4376799474666894e-16
3	16	12	-0.26302698117938855	1.436246066207843e-16
3	16	15	-0.137205652542252	1.927605838699206e-16
3	16	18	0.0006332470057965507	2.2034602764674008e-16
3	16	19	-0.000633247005794779	-9.20518471565132e-17
3	16	22	-1.871686365594724e-07	-1.9330744616086942e-17
3	17	0	-0.036320693491219525	-4.342477282551939e-17
3	17	1	0.09573105559524406	1.4088544405817427e-16
3	17	6	-0.1906386018068031	3.475447620546487e-17
3	17	9	0.14314214105850492	5.444006639965264e-16
3	17	12	0.26302698117938944	3.5816224970254e-17
3	17	15	0.13720565254225303	5.81590663427463e-17
3	17	18	0.0006332470057968771	9.024060987933192e-17
3	17	19	-0.0006332470057986187	-1.838810335866734e-16
3	17	22	1.871686383508527e-07	6.992378973627625e-17
3	18	2	-0.14809053453402768	-1.7758512160426812e-16
3	18	3	-0.14809053453400428	2.444235772621116e-16
3	18	4	-0.006715992732121176	-1.8261623804813145e-16
3	18	5	-0.006715992732121426	1.9987855753035736e-16
3	18	7	-0.004468811305550426	-8.069922009794169e-17
3	18	8	-0.00446881130555076	-1.3999048508140048e-16
3	18	10	-0.07413445053025959	1.1419859653501707e-16
3	18	11	-0.07413445053024546	2.338245375272632e-16
3	18	13	-0.1348722686484622	-1.3626692903030045e-16
3	18	14	-0.13487226864843913	8.20154880331207e-16
3	18	16	0.0006332470057965435	2.2034602764674006e-16
3	18	17	0.0006332470057968609	9.02406098793318e-17
3	18	20	-0.10232546326891442	-4.509744380552295e-16
3	18	21	-0.10232546326889831	1.0407293830011652e-16
3	19	2	0.14809053453401652	-1.4524202491296813e-16
3	19	3	0.14809053453401508	-2.5307542382599637e-18
3	19	4	0.0067159927321222	1.392950070854815e-16
3	19	5	0.0067159927321203084	-1.779931027687353e-16
3	19	7	0.004468811305548931	2.597224533674102e-16
3	19	8	0.004468811305552252	-9.602884541773362e-17
3	19	10	0.07413445053025194	-1.1535189851250947e-16
3	19	11	0.07413445053025305	-3.237956564207949e-16
3	19	13	0.1348722686484511	-2.475705900768205e-16
3	19	14	0.13487226864844998	-5.195175733031811e-16
3	19	16	-0.0006332470057947721	-9.205184715651296e-17
3	19	17	-0.0006332470057986005	-1.8388103358667363e-16
3	19	20	0.10232546326890775	1.2249411935271295e-16
3	19	21	0.10232546326890493	1.0894929153633863e-16
3	20	0	-0.010477511364935299	1.690623403574285e-16
3	20	1	-0.05244173716306908	6.531870028155257e-16
3	20	6	-0.1011995359773254	5.604246470187847e-16
3	20	9	0.09625923074066298	-5.773440496747642e-16
3	20	12	-0.11892894252811499	1.0095759275118704e-16
3	20	15	0.0013027624311709122	1.2270607006347717e-16
3	20	18	-0.10232546326891445	-4.509744380552301e-16
3	20	19	0.10232546326890773	1.2249411935271302e-16
3	20	22	0.10277325981917282	-1.859340000044069e-16
3	21	0	0.010477511364935566	-2.840945730268375e-16
3	21	1	0.052441737163067575	-7.443609269381338e-16
3	21	6	0.10119953597732499	-2.8491896591969895e-16
3	21	9	-0.0962592307406638	3.1053314751210464e-16
3	21	12	0.1189289425281138	-4.33624035045371e-16
3	21	15	-0.001302762431169502	-4.950530873246358e-17
3	21	18	-0.10232546326889826	1.0407293830011621e-16
3	21	19	0.10232546326890483	1.0894929153633844e-16
3	21	22	-0.10277325981918964	-2.76169232994623e-16
3	22	2	0.13214499278918382	-1.0883016614438664e-16
3	22	3	-0.13214499278920672	-6.16018134439734e-16
3	22	4	-4.71069396279857e-06	-3.6139065960355033e-16
3	22	5	4.71069396132963e-06	2.447750881455528e-16
3	22	7	3.1211260326074963e-06	-7.431222966563289e-17
3	22	8	-3.121126035073977e-06	1.2267512739723392e-16
3	22	10	0.08178536521897939	-3.6380280392847954e-16
3	22	11	-0.0817853652189914	3.153186385870479e-17
3	22	13	0.13017402171161505	-7.489848284128191e-16
3	22	14	-0.1301740217116346	2.741714884929014e-17
3	22	16	-1.8716863656730561e-07	-1.933074461608705e-17
3	22	17	1.8716863834640933e-07	6.992378973627641e-17
3	22	20	0.10277325981917283	-1.8593400000440686e-16
3	22	21	-0.10277325981918968	-2.7616923299462294e-16
4	0	0	2.178379888891922	4.045187136380333e-16
4	0	1	-0.7821445816013471	1.5090300122207653e-15
4	0	6	0.027595876882133163	-4.955960826547189e-16
4	0	9	-0.0744163003491305	-2.222877115334666e-15
4	0	12	0.08856669853276437	1.0292676282929903e-15
4	0	15	-0.006182375773883215	3.027143758926765e-16
4	1	0	-0.782144581601347	1.5090300122207657e-15
4	1	1	-1.4241817729681736	-2.0870361901573497e-15
4	1	6	0.9679485174006678	-2.9590447207730225e-15
4	1	9	0.3039308658272984	-1.0208512916192496e-15
4	1	12	-0.1540590494681981	-1.6584278376267236e-15
4	1	15	0.09131452106296233	7.206041196247593e-16
4	2	2	-1.3617228130729293	1.3213100926975492e-16
4	2	10	0.38817959893430726	-1.163709820890149e-15
4	2	13	-0.2433491586647756	4.381190633398992e-16
4	2	20	0.19301706645260394	1.2194307099503428e-15
4	3	3	1.3617228130729246	-1.4113235996721233e-16
4	3	11	-0.3881795989343073	1.6675117222955563e-15
4	3	14	0.24334915866477258	-1.2202844896230731e-15
4	3	15	-1.1048896685136426e-14	-1.854924845562556e-15
4	3	21	-0.19301706645260375	-1.4239098764377066e-15
4	4	4	1.1182499583200385	-3.428562059059048e-17
4	4	8	-0.6031465388662006	3.859089090360751e-16
4	4	17	-0.06686563704499203	2.277602600180501e-16
4	5	5	-1.118249958320038	-2.2152232987222893e-17
4	5	7	0.6031465388662003	-6.964233185926333e-16
4	5	16	0.06686563704499206	-2.239003866857804e-16
4	6	0	0.027595876882133705	-4.955960826547189e-16
4	6	1	0.9679485174006683	-2.959044720773023e-15
4	6	6	1.0339695159662519	3.8517089957265865e-15
4	6	9	0.6109582522697967	1.2128469336393839e-15
4	6	12	0.6903022941215999	-7.739578132848075e-16
4	6	14	-1.5281099156820925e-14	-3.2508650404628716e-15
4	6	15	-0.3349810526286163	-2.2459718333685013e-16
4	7	5	0.6031465388662	-6.964233185926337e-16
4	7	7	0.9445406538350455	1.6436967500560086e-15
4	7	13	-1.0066090205500928e-14	-2.229531078359517e-16
4	7	16	0.5888994669998908	1.7367975280176463e-16
4	8	4	-0.6031465388662004	3.8590890903607473e-16
4	8	8	-0.9445406538350465	-9.488575250375309e-16
4	8	17	-0.5888994669998914	-5.3042442260013006e-17
4	9	0	-0.07441630034913053	-2.222877115334669e-15
4	9	1	0.30393086582729834	-1.0208512916192492e-15
4	9	6	0.6109582522697973	1.2128469336393805e-15
4	9	9	-0.8221191837196614	-5.917281277219637e-16
4	9	12	0.2750565026190957	-5.370525260555921e-16
4	9	14	2.6216894434277996e-14	6.355078440359546e-15
4	9	15	0.6264018225707794	6.794640890289203e-16
4	9	19	-1.0134919590925449e-14	1.3610585869796354e-16
4	10	2	0.3881795989343073	-1.1637098208901488e-15
4	10	10	0.8413850823863093	8.061328446198105e-16
4	10	13	-0.4568381442494283	-1.2422590319133113e-15
4	10	20	0.09701716640241105	-8.122725606665543e-17
4	11	3	-0.3881795989343071	1.6675117222955557e-15
4	11	11	-0.8413850823863105	-1.2884503328281914e-15
4	11	14	0.45683814424943603	1.0924310035165718e-15
4	11	15	-1.8291647228255553e-14	-4.406321527255846e-15
4	11	21	-0.09701716640241038	4.893526093009973e-17
4	12	0	0.08856669853276548	1.0292676282929956e-15
4	12	1	-0.15405904946819832	-1.6584278376267228e-15
4	12	6	0.6903022941215997	-7.739578132848083e-16
4	12	9	0.27505650261909587	-5.370525260555929e-16
4	12	12	-1.129284370887109	-4.445640097584902e-16
4	12	15	0.1002794525370519	9.747447178396035e-16
4	13	2	-0.24334915866477505	4.3811906333989974e-16
4	13	10	-0.4568381442494283	-1.2422590319133081e-15
4	13	13	-0.7328475331635697	9.14970541996204e-16
4	13	20	0.24234769550838411	-9.020847615687171e-16
4	14	3	0.24334915866477216	-1.220284489623075e-15
4	14	6	-1.528109915682092e-14	-3.2508650404628724e-15
4	14	9	2.621689443427795e-14	6.355078440359537e-15
4	14	11	0.456838144249436	1.092431003516569e-15
4	14	14	0.7328475331635621	-1.3491932625761138e-15
4	14	21	-0.24234769550838162	5.379330642875109e-16
4	15	0	-0.0061823757738826675	3.0271437589267637e-16
4	15	1	0.09131452106296238	7.206041196247604e-16
4	15	3	-1.1048896685136397e-14	-1.854924845562552e-15
4	15	6	-0.3349810526286161	-2.2459718333684905e-16
4	15	9	0.6264018225707778	6.794640890289177e-16
4	15	11	-1.8291647228255543e-14	-4.406321527255851e-15
4	15	12	0.10027945253705159	9.74744717839605e-16
4	15	15	0.6146978102313905	-6.824388800475652e-16
4	15	21	1.0642129496489026e-14	2.0811198506665455e-15
4	16	5	0.0668656370449917	-2.239003866857805e-16
4	16	7	0.5888994669998906	1.7367975280176278e-16
4	16	16	-0.7404444392188333	-3.854116159746098e-16
4	17	4	-0.06686563704499164	2.2776026001805e-16
4	17	8	-0.5888994669998912	-5.304244226001196e-17
4	17	17	0.7404444392188353	4.0801423120467706e-16
4	18	18	-0.7438098057947083	5.850509184605436e-16
4	19	9	-1.0072458979812124e-14	1.3610585869796376e-16
4	19	19	0.743809805794708	-3.8079825496383424e-16
4	20	2	0.19301706645260408	1.2194307099503424e-15
4	20	10	0.0970171664024113	-8.122725606665591e-17
4	20	13	0.2423476955083841	-9.020847615687164e-16
4	20	20	0.7482496588321167	4.016113222840417e-16
4	21	3	-0.19301706645260375	-1.4239098764377052e-15
4	21	11	-0.09701716640241026	4.89352609300996e-17
4	21	14	-0.24234769550838156	5.379330642875108e-16
4	21	15	1.0642129496489027e-14	2.081119850666545e-15
4	21	21	-0.7482496588321145	8.980886052133788e-17
4	22	22	-0.7253854193574626	6.617194615236506e-16
5	0	2	0.5488788253300592	-6.76217853669397e-16
5	0	3	0.5488788253300565	-3.555407038483817e-16
5	0	4	-0.46618613889312377	-6.057368835533808e-17
5	0	5	-0.46618613889312166	2.8580050064634883e-16
5	0	7	-0.12377332760042248	-8.721635267133605e-16
5	0	8	-0.12377332760042183	-1.1598551683610067e-15
5	0	10	0.09370199749376688	1.1420174318579116e-15
5	0	11	0.09370199749376586	1.3979787235575553e-15
5	0	13	-0.02787607823016725	9.273503658719344e-17
5	0	14	-0.02787607823016508	1.0436177299220439e-16
5	0	16	0.03632069349121816	-1.370821896955751e-16
5	0	17	0.036320693491218824	7.936646769252395e-17
5	0	20	0.010477511364935544	-1.0492958281168532e-16
5	0	21	0.010477511364935414	-3.0027944350451943e-16
5	1	2	0.24206129113261202	-1.3846918735183186e-16
5	1	3	0.24206129113261168	4.108992103757678e-16
5	1	4	-0.33003849741098024	-3.4268379097857593e-16
5	1	5	-0.3300384974109787	-2.8951515368202026e-16
5	1	7	0.314727697432889	-9.159338881458715e-17
5	1	8	0.31472769743288803	-5.790749058503201e-16
5	1	10	-0.2538472108536324	1.1592774118533326e-16
5	1	11	-0.2538472108536343	3.4571554722313234e-16
5	1	13	-0.13255536729879283	-1.945217291852392e-16
5	1	14	-0.1325553672987931	-4.09361202468334e-16
5	1	16	-0.09573105559524797	-3.328793552328407e-16
5	1	17	-0.09573105559524621	1.786020171968191e-17
5	1	20	0.052441737163068936	-6.082989903134175e-16
5	1	21	0.05244173716306703	-5.97678622425547e-16
5	2	0	0.5488788253300594	-6.762178536693966e-16
5	2	1	0.24206129113261185	-1.3846918735183176e-16
5	2	6	0.043625606249171445	9.681196870146856e-16
5	2	9	0.07362970071644999	-1.6874113550683576e-16
5	2	12	-0.05161259184794795	1.0418787485203006e-16
5	2	15	-0.04531069491923524	3.2104045429265194e-17
5	2	18	-0.1480905345340271	-4.95435540696572e-16
5	2	19	-0.14809053453401705	6.306806290740394e-18
5	2	22	0.13214499278918493	-6.518790904331983e-16
5	3	0	0.5488788253300569	-3.5554070384838163e-16
5	3	1	0.2420612911326116	4.1089921037576815e-16
5	3	6	0.043625606249171694	1.1905236623565506e-15
5	3	9	0.07362970071645	-1.5013151622321754e-16
5	3	12	-0.05161259184794733	2.4543293819226005e-16
5	3	15	-0.045310694919230954	1.5532261607056808e-17
5	3	18	0.14809053453400473	-5.814717657138102e-16
5	3	19	0.14809053453401508	8.11539387471753e-17
5	3	22	0.1321449927892064	-3.81768942884426e-17
5	4	0	-0.4661861388931241	-6.057368835533864e-17
5	4	1	-0.33003849741098007	-3.4268379097857597e-16
5	4	6	0.08183169406748105	-8.084430625609029e-16
5	4	9	-0.0997351067603997	-1.5522085504021096e-16
5	4	12	0.023683717100954006	-1.8775128385657773e-16
5	4	15	-0.040590014696582966	1.395028688321914e-16
5	4	18	-0.006715992732122077	2.1191409930879944e-16
5	4	19	-0.006715992732122457	-4.708470814056496e-17
5	4	22	-4.710693962944386e-06	2.3350614479487183e-16
5	5	0	-0.4661861388931219	2.858005006463488e-16
5	5	1	-0.3300384974109787	-2.8951515368202036e-16
5	5	6	0.08183169406748116	-1.2321251967677945e-15
5	5	9	-0.09973510676039923	1.6817635858544903e-16
5	5	12	0.023683717100953898	-2.0757394477693032e-16
5	5	15	-0.040590014696582584	2.3412033619194603e-16
5	5	18	0.00671599273212147	1.6269025689665841e-16
5	5	19	0.006715992732121121	-9.157479091083204e-17
5	5	22	-4.71069396224684e-06	1.702344640132173e-16
5	6	2	0.043625606249171535	9.681196870146858e-16
5	6	3	0.0436256062491718	1.1905236623565504e-15
5	6	4	0.081831694067481	-8.084430625609032e-16
5	6	5	0.08183169406748113	-1.2321251967677943e-15
5	6	7	0.34900989332690746	7.294996905509743e-16
5	6	8	0.3490098933269065	3.3658909086883545e-16
5	6	10	-0.2771187413522663	-6.640125432624681e-16
5	6	11	-0.2771187413522692	-7.044036181654905e-16
5	6	13	0.12268757812019725	1.30970487222507e-16
5	6	14	0.12268757812020065	-1.9494147129224505e-17
5	6	16	0.19063860180680645	-1.2093966946124339e-16
5	6	17	0.19063860180680664	-1.998863009883421e-16
5	6	20	0.1011995359773263	-2.0151342233430218e-16
5	6	21	0.10119953597732426	-4.880392390502249e-16
5	7	0	-0.12377332760042237	-8.721635267133606e-16
5	7	1	0.3147276974328888	-9.159338881458718e-17
5	7	6	0.3490098933269075	7.294996905509738e-16
5	7	9	-0.12496981512111602	-9.293610880901373e-17
5	7	12	0.16173048691579123	-1.174999348092954e-17
5	7	15	0.04534226772577906	-1.769414513381708e-17
5	7	18	0.004468811305550741	1.294337222811563e-16
5	7	19	0.004468811305549601	1.7538285770115234e-16
5	7	22	-3.1211260329772702e-06	7.931158472656736e-17
5	8	0	-0.12377332760042173	-1.1598551683610087e-15
5	8	1	0.3147276974328879	-5.790749058503197e-16
5	8	6	0.34900989332690663	3.3658909086883516e-16
5	8	9	-0.1249698151211156	-1.0369620499520373e-16
5	8	12	0.16173048691579112	-5.0356021977409074e-17
5	8	15	0.04534226772577853	-3.946302107457947e-18
5	8	18	-0.004468811305549762	-4.6719193033422797e-17
5	8	19	-0.004468811305550931	-1.824087656924168e-18
5	8	22	-3.1211260332017755e-06	-1.7202319603506302e-17
5	9	2	0.07362970071644996	-1.6874113550683576e-16
5	9	3	0.07362970071644998	-1.5013151622321774e-16
5	9	4	-0.09973510676039986	-1.55220855040211e-16
5	9	5	-0.09973510676039937	1.6817635858544952e-16
5	9	7	-0.12496981512111631	-9.29361088090145e-17
5	9	8	-0.12496981512111587	-1.0369620499520407e-16
5	9	10	0.17572832548277814	3.2589287755543664e-16
5	9	11	0.17572832548277945	5.090731345028327e-16
5	9	13	-0.16700795321881676	-5.270860632927513e-16
5	9	14	-0.16700795321882006	-4.783346870357683e-16
5	9	16	-0.14314214105850967	-4.529735357289221e-16
5	9	17	-0.1431421410585092	-2.5815858612841267e-16
5	9	20	-0.0962592307406639	3.042778008940073e-16
5	9	21	-0.09625923074066316	5.975244266044557e-16
5	10	0	0.09370199749376672	1.1420174318579134e-15
5	10	1	-0.2538472108536322	1.159277411853329e-16
5	10	6	-0.2771187413522661	-6.640125432624683e-16
5	10	9	0.17572832548277795	3.2589287755543624e-16
5	10	12	-0.13427316244467574	-4.891020971098908e-16
5	10	15	-0.11470005226192304	8.196314440627129e-17
5	10	18	-0.07413445053025879	-1.474169368502642e-16
5	10	19	-0.0741344505302518	-5.313808057009465e-18
5	10	22	0.08178536521897986	-3.6205551519597645e-16
5	11	0	0.09370199749376583	1.3979787235575561e-15
5	11	1	-0.25384721085363404	3.4571554722313185e-16
5	11	6	-0.27711874135226916	-7.0440361816549e-16
5	11	9	0.17572832548277925	5.090731345028324e-16
5	11	12	-0.1342731624446764	-3.564878889254464e-16
5	11	15	-0.11470005226192163	7.081037277827738e-17
5	11	18	0.07413445053024553	-6.15592850038444e-16
5	11	19	0.07413445053025274	-3.609725019774499e-16
5	11	22	0.08178536521899084	1.5523695489127091e-18
5	12	2	-0.051612591847947864	1.0418787485203055e-16
5	12	3	-0.05161259184794728	2.4543293819226034e-16
5	12	4	0.02368371710095393	-1.8775128385657825e-16
5	12	5	0.023683717100953815	-2.0757394477693057e-16
5	12	7	0.16173048691579103	-1.1749993480929701e-17
5	12	8	0.16173048691579095	-5.0356021977409117e-17
5	12	10	-0.13427316244467558	-4.8910209710989e-16
5	12	11	-0.13427316244467624	-3.564878889254461e-16
5	12	13	-0.13066499019719427	-5.077796201549856e-16
5	12	14	-0.13066499019719963	-6.971935952996789e-16
5	12	16	-0.2630269811793933	4.947494276823815e-18
5	12	17	-0.2630269811793922	2.087633919131508e-16
5	12	20	0.1189289425281139	-3.6596444263527187e-16
5	12	21	0.11892894252811259	-4.490483697429981e-17
5	13	0	-0.027876078230167523	9.273503658719376e-17
5	13	1	-0.13255536729879303	-1.9452172918523977e-16
5	13	6	0.1226875781201972	1.3097048722250592e-16
5	13	9	-0.16700795321881665	-5.270860632927508e-16
5	13	12	-0.1306649901971943	-5.077796201549856e-16
5	13	15	-0.15649160881357066	3.2181007381243625e-17
5	13	18	-0.1348722686484621	1.083988093697137e-16
5	13	19	-0.1348722686484516	2.5624551976081805e-16
5	13	22	0.13017402171161574	-6.155554658257729e-16
5	14	0	-0.02787607823016527	1.0436177299220461e-16
5	14	1	-0.13255536729879316	-4.093612024683342e-16
5	14	6	0.12268757812020054	-1.9494147129225257e-17
5	14	9	-0.16700795321881992	-4.7833468703576785e-16
5	14	12	-0.1306649901971996	-6.971935952996799e-16
5	14	14	-1.492609960117632e-14	-2.6448540747035954e-15
5	14	15	-0.15649160881356997	-8.999324121753029e-17
5	14	18	0.1348722686484387	-6.405126604546591e-16
5	14	19	0.13487226864844953	-3.5695474288016947e-16
5	14	22	0.1301740217116346	-1.7047001507205503e-16
5	15	2	-0.04531069491923509	3.210404542926495e-17
5	15	3	-0.04531069491923083	1.5532261607056592e-17
5	15	4	-0.040590014696583104	1.395028688321912e-16
5	15	5	-0.040590014696582716	2.341203361919462e-16
5	15	7	0.04534226772577893	-1.7694145133817548e-17
5	15	8	0.04534226772577842	-3.946302107458654e-18
5	15	10	-0.11470005226192297	8.196314440627218e-17
5	15	11	-0.11470005226192152	7.081037277827832e-17
5	15	13	-0.15649160881357072	3.218100738124333e-17
5	15	14	-0.15649160881357005	-8.999324121753002e-17
5	15	15	1.1467275830972428e-14	2.8487747048398394e-15
5	15	16	-0.13720565254225747	1.5498333331334613e-16
5	15	17	-0.13720565254225645	3.1797880052998694e-16
5	15	20	-0.0013027624311713227	-9.14006014080357e-17
5	15	21	-0.0013027624311700123	-3.070252158669174e-17
5	16	0	0.03632069349121822	-1.370821896955746e-16
5	16	1	-0.09573105559524818	-3.3287935523284054e-16
5	16	6	0.19063860180680614	-1.2093966946124422e-16
5	16	9	-0.14314214105850956	-4.529735357289217e-16
5	16	12	-0.26302698117939344	4.947494276823642e-18
5	16	15	-0.13720565254225742	1.549833333133463e-16
5	16	18	-0.000633247005801321	1.4420507574657173e-16
5	16	19	-0.0006332470057996797	-1.1634463668034677e-17
5	16	22	1.8716864140689662e-07	-1.4121665220018438e-16
5	17	0	0.03632069349121885	7.936646769252491e-17
5	17	1	-0.09573105559524647	1.786020171968207e-17
5	17	6	0.19063860180680645	-1.9988630098834268e-16
5	17	9	-0.14314214105850903	-2.58158586128413e-16
5	17	12	-0.2630269811793921	2.087633919131505e-16
5	17	15	-0.13720565254225645	3.1797880052998694e-16
5	17	18	0.0006332470057998187	6.596151423391182e-17
5	17	19	0.0006332470058014742	-9.174957753614224e-17
5	17	22	1.8716864106418254e-07	-2.687236929503178e-16
5	18	2	-0.1480905345340271	-4.954355406965719e-16
5	18	3	0.14809053453400461	-5.814717657138102e-16
5	18	4	-0.006715992732122088	2.119140993087995e-16
5	18	5	0.0067159927321214724	1.6269025689665846e-16
5	18	7	0.004468811305550728	1.294337222811566e-16
5	18	8	-0.004468811305549762	-4.6719193033422513e-17
5	18	10	-0.07413445053025892	-1.4741693685026452e-16
5	18	11	0.07413445053024566	-6.155928500384444e-16
5	18	13	-0.13487226864846216	1.08398809369714e-16
5	18	14	0.1348722686484387	-6.405126604546593e-16
5	18	16	-0.0006332470058013134	1.4420507574657163e-16
5	18	17	0.0006332470057998247	6.596151423391188e-17
5	18	20	-0.10232546326891533	-3.2691187283943647e-16
5	18	21	0.1023254632688981	-3.367244886747265e-16
5	19	2	-0.14809053453401697	6.3068062907402e-18
5	19	3	0.14809053453401508	8.115393874717544e-17
5	19	4	-0.006715992732122456	-4.708470814056485e-17
5	19	5	0.006715992732121122	-9.157479091083197e-17
5	19	7	0.004468811305549591	1.7538285770115224e-16
5	19	8	-0.004468811305550928	-1.824087656924211e-18
5	19	10	-0.07413445053025199	-5.3138080570096504e-18
5	19	11	0.07413445053025289	-3.6097250197745003e-16
5	19	13	-0.13487226864845162	2.56245519760818e-16
5	19	14	0.13487226864844953	-3.569547428801694e-16
5	19	16	-0.0006332470057996743	-1.1634463668034692e-17
5	19	17	0.00063324700580148	-9.174957753614221e-17
5	19	20	-0.10232546326890882	-1.1519072716968838e-16
5	19	21	0.102325463268905	3.138653381166125e-17
5	20	0	0.010477511364935393	-1.0492958281168582e-16
5	20	1	0.052441737163068866	-6.082989903134168e-16
5	20	6	0.10119953597732628	-2.0151342233430272e-16
5	20	9	-0.09625923074066386	3.042778008940071e-16
5	20	12	0.11892894252811399	-3.659644426352723e-16
5	20	15	-0.0013027624311712155	-9.140060140803562e-17
5	20	18	-0.10232546326891533	-3.2691187283943677e-16
5	20	19	-0.1023254632689088	-1.151907271696884e-16
5	20	22	0.10277325981917322	-2.4613019603516613e-17
5	21	0	0.010477511364935372	-3.0027944350452007e-16
5	21	1	0.05244173716306708	-5.976786224255464e-16
5	21	6	0.10119953597732423	-4.880392390502251e-16
5	21	9	-0.09625923074066307	5.975244266044553e-16
5	21	12	0.11892894252811266	-4.4904836974300034e-17
5	21	15	-0.0013027624311698993	-3.0702521586691727e-17
5	21	18	0.10232546326889803	-3.367244886747262e-16
5	21	19	0.10232546326890493	3.1386533811661096e-17
5	21	22	0.10277325981918926	3.725534777187595e-16
5	22	2	0.13214499278918487	-6.518790904331979e-16
5	22	3	0.13214499278920633	-3.8176894288442696e-17
5	22	4	-4.710693962951919e-06	2.3350614479487174e-16
5	22	5	-4.710693962239043e-06	1.7023446401321744e-16
5	22	7	-3.1211260329834095e-06	7.931158472656699e-17
5	22	8	-3.12112603322156e-06	-1.7202319603506404e-17
5	22	10	0.08178536521897997	-3.62055515195977e-16
5	22	11	0.08178536521899094	1.552369548913172e-18
5	22	13	0.13017402171161566	-6.155554658257727e-16
5	22	14	0.1301740217116347	-1.7047001507205506e-16
5	22	16	1.8716864141709903e-07	-1.4121665220018428e-16
5	22	17	1.871686410823066e-07	-2.6872369295031793e-16
5	22	20	0.10277325981917315	-2.4613019603516416e-17
5	22	21	0.1027732598191893	3.725534777187597e-16
6	0	18	-0.024030688587459784	6.738856156474814e-19
6	0	19	0.02403068858745977	1.4327124059800251e-18
6	1	18	0.002288658803050744	-8.4504024610985e-18
6	1	19	-0.002288658803050745	7.209646282751582e-18
6	2	2	0.033437842770517624	-8.009923772321791e-18
6	2	3	-0.03343784277051762	6.8039785335242996e-18
6	2	10	-0.009987916853763762	1.3193303282011557e-17
6	2	11	0.009987916853763792	-2.0412796498186423e-17
6	2	13	-0.0031376419228073098	8.213419369650917e-18
6	2	14	0.0031376419228070886	-8.546542984857837e-18
6	2	20	0.0012680081019595683	-3.613110165230206e-17
6	2	21	-0.0012680081019595128	3.491792651091829e-17
6	3	2	-0.03343784277051762	6.803978533524283e-18
6	3	3	0.03343784277051762	-5.5357688246302534e-18
6	3	10	0.009987916853763767	-2.6627079660778233e-17
6	3	11	-0.009987916853763795	3.3820317078690707e-17
6	3	13	0.003137641922807311	-1.6961429744848429e-18
6	3	14	-0.003137641922807091	2.1866097862630097e-18
6	3	20	-0.001268008101959582	4.042481655511561e-17
6	3	21	0.001268008101959531	-3.8812475722053034e-17
6	4	4	0.031041832749252193	-1.2105686354367256e-17
6	4	5	-0.031041832749252214	-1.2854326637827384e-18
6	4	7	0.01473352267028348	-3.9337398345515967e-17
6	4	8	-0.014733522670283498	9.130069914971564e-18
6	4	16	0.002073207737988693	-1.848471644462277e-17
6	4	17	-0.0020732077379887037	6.1840191498617654e-18
6	5	4	-0.031041832749252218	-1.2854326637827348e-18
6	5	5	0.031041832749252242	1.4675446713470338e-17
6	5	7	-0.014733522670283489	2.5941739569473362e-17
6	5	8	0.014733522670283517	4.26479427934096e-18
6	5	16	-0.0020732077379886967	7.830012221513534e-18
6	5	17	0.002073207737988707	4.473700409460861e-18
6	6	18	0.00122587108528649	-2.9958779958395404e-17
6	6	19	-0.0012258710852864963	3.0854734920954525e-17
6	7	4	0.014733522670283473	-3.933739834551597e-17
6	7	5	-0.014733522670283487	2.5941739569473346e-17
6	7	7	-0.02257937846393179	-1.3431820351975086e-17
6	7	8	0.02257937846393183	3.490422148155533e-17
6	7	16	-0.013567190589793889	4.53055653073125e-19
6	7	17	0.013567190589793884	8.935397704373193e-18
6	8	4	-0.014733522670283496	9.130069914971548e-18
6	8	5	0.014733522670283508	4.264794279340942e-18
6	8	7	0.022579378463931824	3.4904221481555305e-17
6	8	8	-0.022579378463931866	-5.636219046044342e-17
6	8	16	0.013567190589793896	9.690105857197525e-18
6	8	17	-0.013567190589793896	-1.9079811520840453e-17
6	9	18	-0.0008461041765907969	-8.055948227158392e-19
6	9	19	0.0008461041765907956	9.41419933298088e-19
6	10	2	-0.009987916853763762	1.3193303282011562e-17
6	10	3	0.009987916853763764	-2.6627079660778242e-17
6	10	10	-0.020246883359645824	-7.719546541969204e-17
6	10	11	0.02024688335964591	6.651950933564467e-17
6	10	13	0.011262870400270167	3.46805969912223e-17
6	10	14	-0.011262870400270297	-3.7375604140412414e-17
6	10	20	0.0061439358679184625	-2.5837702397236596e-17
6	10	21	-0.00614393586791837	1.7280683733080376e-17
6	11	2	0.009987916853763792	-2.0412796498186454e-17
6	11	3	-0.009987916853763793	3.382031707869072e-17
6	11	10	0.02024688335964591	6.651950933564464e-17
6	11	11	-0.020246883359645997	-5.5869430660685e-17
6	11	13	-0.011262870400270231	-2.950740702582642e-17
6	11	14	0.011262870400270361	3.217725340129475e-17
6	11	20	-0.006143935867918504	2.96515839307889e-17
6	11	21	0.00614393586791841	-2.1102630176834448e-17
6	12	18	0.0018976641322077633	-8.499214755816489e-18
6	12	19	-0.0018976641322077607	7.623974571355042e-18
6	13	2	-0.003137641922807325	8.213419369650885e-18
6	13	3	0.0031376419228073267	-1.6961429744848217e-18
6	13	10	0.01126287040027016	3.468059699122223e-17
6	13	11	-0.011262870400270226	-2.950740702582637e-17
6	13	13	0.0074910310836346665	3.181928794612957e-17
6	13	14	-0.007491031083634779	-4.2672684575006e-17
6	13	20	-0.005105469005962186	1.3003277942285714e-17
6	13	21	0.005105469005962092	-1.6491595131530634e-17
6	14	2	0.0031376419228070986	-8.546542984857826e-18
6	14	3	-0.0031376419228071025	2.1866097862629954e-18
6	14	10	-0.011262870400270292	-3.737560414041231e-17
6	14	11	0.011262870400270361	3.217725340129469e-17
6	14	13	-0.007491031083634777	-4.2672684575006015e-17
6	14	14	0.0074910310836348885	5.385385919632907e-17
6	14	20	0.00510546900596224	-1.0301983593468858e-17
6	14	21	-0.00510546900596214	1.4295238988209117e-17
6	15	18	0.00974268949608335	-2.366290999992751e-17
6	15	19	-0.009742689496083345	2.2058800308988175e-17
6	16	4	0.0020732077379886807	-1.8484716444622754e-17
6	16	5	-0.002073207737988685	7.830012221513542e-18
6	16	7	-0.013567190589793868	4.53055653073157e-19
6	16	8	0.013567190589793878	9.69010585719749e-18
6	16	16	0.015466801510779353	1.0190624647689731e-17
6	16	17	-0.015466801510779383	-8.852409568546543e-18
6	17	4	-0.0020732077379886906	6.184019149861749e-18
6	17	5	0.002073207737988694	4.473700409460848e-18
6	17	7	0.013567190589793865	8.935397704373167e-18
6	17	8	-0.013567190589793875	-1.9079811520840425e-17
6	17	16	-0.015466801510779383	-8.85240956854654e-18
6	17	17	0.015466801510779414	7.520554234449372e-18
6	18	0	-0.02403068858745977	6.738856156474793e-19
6	18	1	0.002288658803050751	-8.4504024610985e-18
6	18	6	0.0012258710852864924	-2.995877995839541e-17
6	18	9	-0.0008461041765907975	-8.055948227158362e-19
6	18	12	0.0018976641322077659	-8.499214755816444e-18
6	18	15	0.009742689496083343	-2.366290999992751e-17
6	18	22	0.020658500962571	-1.1634173719723023e-17
6	19	0	0.024030688587459763	1.4327124059800359e-18
6	19	1	-0.0022886588030507503	7.20964628275159e-18
6	19	6	-0.0012258710852864985	3.085473492095452e-17
6	19	9	0.0008461041765907972	9.41419933298082e-19
6	19	12	-0.0018976641322077643	7.623974571355008e-18
6	19	15	-0.009742689496083338	2.2058800308988175e-17
6	19	22	-0.020658500962570988	8.385825797748174e-18
6	20	2	0.0012680081019595623	-3.613110165230205e-17
6	20	3	-0.0012680081019595753	4.042481655511556e-17
6	20	10	0.006143935867918466	-2.5837702397236583e-17
6	20	11	-0.006143935867918506	2.9651583930788914e-17
6	20	13	-0.0051054690059621904	1.3003277942285687e-17
6	20	14	0.005105469005962244	-1.0301983593468829e-17
6	20	20	-0.004658520187787052	2.617244241489344e-17
6	20	21	0.004658520187787041	-2.180981772425546e-17
6	21	2	-0.0012680081019595085	3.491792651091827e-17
6	21	3	0.0012680081019595252	-3.881247572205302e-17
6	21	10	-0.006143935867918374	1.7280683733080386e-17
6	21	11	0.006143935867918413	-2.110263017683447e-17
6	21	13	0.005105469005962099	-1.6491595131530615e-17
6	21	14	-0.005105469005962147	1.4295238988209104e-17
6	21	20	0.004658520187787043	-2.1809817724255464e-17
6	21	21	-0.004658520187787032	1.7488376608724742e-17
6	22	18	0.02065850096257099	-1.1634173719723006e-17
6	22	19	-0.020658500962570988	8.385825797748156e-18
7	0	2	-0.5488788253300594	4.476077413774519e-17
7	0	3	0.5488788253300559	-4.767352198198964e-16
7	0	4	-0.46618613889312405	8.270518067772744e-16
7	0	5	0.46618613889312216	-1.7785672589258834e-16
7	0	7	0.12377332760042202	1.1006669450363741e-15
7	0	8	-0.12377332760042196	-1.5187546815052695e-15
7	0	10	-0.09370199749376651	-9.276694741563877e-16
7	0	11	0.093701997493767	6.402414872351893e-16
7	0	13	0.02787607823016696	1.9255231734096615e-16
7	0	14	-0.02787607823016495	7.097656619039528e-17
7	0	16	-0.036320693491218276	1.4676521427269496e-16
7	0	17	0.036320693491218706	-2.0607897217774554e-16
7	0	20	-0.01047751136493577	2.9155030565398494e-16
7	0	21	0.010477511364935943	-4.101970886696389e-16
7	1	2	-0.2420612911326126	-3.414000390184773e-16
7	1	3	0.2420612911326108	5.209335751878775e-16
7	1	4	-0.3300384974109798	8.297841849954779e-17
7	1	5	0.3300384974109788	4.5249885712821325e-17
7	1	7	-0.31472769743288875	5.593483116852053e-16
7	1	8	0.3147276974328878	-3.439323089177212e-16
7	1	10	0.2538472108536312	8.459410302352605e-17
7	1	11	-0.2538472108536332	-1.144510942218006e-17
7	1	13	0.13255536729879278	1.2374318773130246e-16
7	1	14	-0.13255536729879283	-4.213326330309209e-16
7	1	16	0.09573105559524785	3.2399191965175505e-16
7	1	17	-0.09573105559524764	8.224276761293952e-18
7	1	20	-0.05244173716306884	5.556288450105365e-16
7	1	21	0.05244173716306735	-6.057932715115147e-16
7	2	0	-0.5488788253300596	4.476077413774461e-17
7	2	1	-0.24206129113261238	-3.414000390184772e-16
7	2	6	-0.04362560624917131	-9.819728828305753e-16
7	2	9	-0.07362970071644986	5.302314958587766e-17
7	2	12	0.05161259184794699	-2.1868091438216342e-16
7	2	15	0.04531069491923553	1.05584968165835e-16
7	2	18	-0.14809053453402762	-1.158854666637226e-16
7	2	19	0.14809053453401688	-7.749839974963705e-17
7	2	22	0.13214499278918496	-3.9604846671749354e-17
7	3	0	0.5488788253300565	-4.767352198198957e-16
7	3	1	0.24206129113261057	5.209335751878772e-16
7	3	6	0.04362560624917119	1.3480603416391616e-15
7	3	9	0.07362970071644996	-2.9825997932179695e-16
7	3	12	-0.051612591847947344	2.2876052329489485e-16
7	3	15	-0.04531069491923111	1.6244634601061264e-16
7	3	18	-0.14809053453400434	3.3135309724612537e-16
7	3	19	0.148090534534015	5.456296769841504e-17
7	3	22	-0.13214499278920602	-4.7775406543483865e-16
7	4	0	-0.4661861388931242	8.270518067772751e-16
7	4	1	-0.3300384974109796	8.297841849954747e-17
7	4	6	0.08183169406748111	-9.233900020899819e-16
7	4	9	-0.09973510676039965	3.7918399798439444e-17
7	4	12	0.02368371710095399	-2.5429056186511265e-16
7	4	15	-0.04059001469658268	2.0384385603952163e-16
7	4	18	0.006715992732121056	1.601514439914171e-16
7	4	19	-0.006715992732122015	-1.4246017474561432e-16
7	4	22	4.710693963144055e-06	1.68266521405997e-16
7	5	0	0.4661861388931225	-1.778567258925882e-16
7	5	1	0.33003849741097874	4.5249885712821356e-17
7	5	6	-0.08183169406748153	7.275631969456189e-16
7	5	9	0.09973510676039944	1.1997036351523787e-16
7	5	12	-0.023683717100953995	5.338793795229932e-17
7	5	15	0.04059001469658256	-2.229710896361267e-16
7	5	18	0.006715992732122081	-3.47290192810939e-17
7	5	19	-0.006715992732121154	1.3677873630784154e-17
7	5	22	-4.710693961923359e-06	-2.320337728389204e-16
7	6	2	-0.043625606249171424	-9.819728828305753e-16
7	6	3	0.04362560624917129	1.3480603416391613e-15
7	6	4	0.08183169406748103	-9.233900020899813e-16
7	6	5	-0.08183169406748146	7.275631969456188e-16
7	6	7	-0.34900989332690724	-2.264734561640778e-16
7	6	8	0.34900989332690685	6.783586614252239e-16
7	6	10	0.27711874135226666	7.583602994031099e-16
7	6	11	-0.2771187413522689	-3.6745279075989697e-16
7	6	13	-0.12268757812019639	2.4647742071191556e-17
7	6	14	0.12268757812020029	2.0143348187930798e-16
7	6	16	-0.19063860180680603	6.966223890346375e-17
7	6	17	0.19063860180680486	7.494415987566473e-18
7	6	20	-0.10119953597732688	3.164472611618139e-16
7	6	21	0.10119953597732415	-3.70629801784483e-16
7	7	0	0.12377332760042195	1.1006669450363755e-15
7	7	1	-0.3147276974328886	5.593483116852048e-16
7	7	6	-0.3490098933269073	-2.264734561640777e-16
7	7	9	0.12496981512111596	-1.1309193183012996e-16
7	7	12	-0.1617304869157908	4.831189348054861e-17
7	7	15	-0.04534226772577915	-1.6095836995060966e-17
7	7	18	0.004468811305550872	-1.600526798069154e-16
7	7	19	-0.004468811305549416	-4.462147039683395e-17
7	7	22	-3.1211260335701463e-06	3.642709796467427e-17
7	8	0	-0.12377332760042191	-1.5187546815052703e-15
7	8	1	0.31472769743288775	-3.4393230891772186e-16
7	8	6	0.34900989332690696	6.783586614252231e-16
7	8	9	-0.12496981512111585	-2.6261280145934306e-16
7	8	12	0.16173048691579092	6.194491182175949e-17
7	8	15	0.045342267725778346	3.952228885051676e-17
7	8	18	0.004468811305549898	8.782337267753847e-17
7	8	19	-0.00446881130555134	1.042805081235275e-16
7	8	22	3.1211260331477488e-06	5.63741111941547e-17
7	9	2	-0.07362970071644992	5.3023149585877893e-17
7	9	3	0.07362970071645	-2.982599793217972e-16
7	9	4	-0.09973510676039975	3.791839979843954e-17
7	9	5	0.09973510676039953	1.1997036351523782e-16
7	9	7	0.1249698151211162	-1.130919318301298e-16
7	9	8	-0.12496981512111606	-2.626128014593435e-16
7	9	10	-0.1757283254827784	-4.1750236805863663e-16
7	9	11	0.17572832548277964	1.6833893050091145e-16
7	9	13	0.16700795321881695	3.777110442404457e-16
7	9	14	-0.16700795321881975	-5.941196888147828e-16
7	9	16	0.14314214105850934	5.619453340151494e-16
7	9	17	-0.1431421410585078	-4.812549168103872e-16
7	9	20	0.09625923074066492	-4.915103487087259e-16
7	9	21	-0.09625923074066293	4.611815750556246e-16
7	10	0	-0.09370199749376636	-9.276694741563873e-16
7	10	1	0.25384721085363116	8.459410302352608e-17
7	10	6	0.2771187413522666	7.583602994031099e-16
7	10	9	-0.17572832548277817	-4.17502368058636e-16
7	10	12	0.1342731624446739	3.5271859368864383e-16
7	10	15	0.11470005226192242	4.510796841183645e-17
7	10	18	-0.07413445053025945	1.5424596556900693e-16
7	10	19	0.07413445053025197	-4.542829373450064e-17
7	10	22	0.08178536521898006	-3.2450783404600957e-16
7	11	0	0.09370199749376688	6.402414872351904e-16
7	11	1	-0.2538472108536332	-1.1445109422180117e-17
7	11	6	-0.277118741352269	-3.6745279075989706e-16
7	11	9	0.1757283254827795	1.6833893050091123e-16
7	11	12	-0.13427316244467627	-4.265370453208468e-16
7	11	15	-0.11470005226192137	5.679388894186848e-17
7	11	18	-0.07413445053024548	2.9945834449664515e-16
7	11	19	0.07413445053025293	-2.7448505549131312e-16
7	11	22	-0.08178536521899084	1.3690692543489673e-16
7	12	2	0.05161259184794693	-2.1868091438216357e-16
7	12	3	-0.051612591847947316	2.2876052329489515e-16
7	12	4	0.02368371710095389	-2.542905618651129e-16
7	12	5	-0.023683717100953898	5.338793795229947e-17
7	12	7	-0.16173048691579062	4.83118934805488e-17
7	12	8	0.16173048691579064	6.194491182175904e-17
7	12	10	0.13427316244467374	3.5271859368864343e-16
7	12	11	-0.13427316244467621	-4.265370453208465e-16
7	12	13	0.13066499019719338	8.500482607612179e-18
7	12	14	-0.13066499019719935	-8.850023131038878e-16
7	12	16	0.26302698117939294	-5.039549027892665e-17
7	12	17	-0.26302698117939355	3.3652457911447046e-16
7	12	20	-0.11892894252811385	6.395310847173563e-17
7	12	21	0.11892894252811277	-1.422844085950933e-16
7	13	0	0.02787607823016727	1.9255231734096576e-16
7	13	1	0.13255536729879303	1.2374318773130273e-16
7	13	6	-0.12268757812019639	2.4647742071192376e-17
7	13	9	0.16700795321881698	3.7771104424044546e-16
7	13	12	0.13066499019719338	8.500482607612319e-18
7	13	15	0.15649160881357152	-1.6436853890280747e-16
7	13	18	-0.134872268648462	-8.463178277816967e-17
7	13	19	0.1348722686484512	-1.7995665268010499e-16
7	13	22	0.13017402171161593	-7.003652621069592e-16
7	14	0	-0.027876078230165195	7.097656619039567e-17
7	14	1	-0.13255536729879303	-4.213326330309216e-16
7	14	6	0.12268757812020027	2.0143348187930683e-16
7	14	9	-0.16700795321881953	-5.941196888147817e-16
7	14	12	-0.13066499019719938	-8.850023131038873e-16
7	14	14	-1.517338243880995e-14	-2.8846409050483297e-15
7	14	15	-0.15649160881356983	1.2037163299062513e-17
7	14	18	-0.13487226864843915	8.97486685901149e-16
7	14	19	0.13487226864844987	-4.6328915436330665e-16
7	14	22	-0.13017402171163392	1.5117324371795645e-16
7	15	2	0.04531069491923539	1.0558496816583524e-16
7	15	3	-0.045310694919231016	1.624463460106124e-16
7	15	4	-0.0405900146965828	2.0384385603952205e-16
7	15	5	0.04059001469658268	-2.229710896361271e-16
7	15	7	-0.04534226772577909	-1.609583699506055e-17
7	15	8	0.04534226772577827	3.9522288850516164e-17
7	15	10	0.11470005226192238	4.510796841183543e-17
7	15	11	-0.11470005226192129	5.679388894186932e-17
7	15	13	0.1564916088135716	-1.6436853890280752e-16
7	15	14	-0.15649160881356985	1.2037163299062528e-17
7	15	15	1.1205055597197665e-14	2.5366199826671267e-15
7	15	16	0.1372056525422572	-6.736965659453745e-17
7	15	17	-0.13720565254225658	2.387007340830059e-16
7	15	20	0.0013027624311721271	5.171352449814854e-17
7	15	21	-0.0013027624311700888	7.78349405925107e-17
7	16	0	-0.03632069349121835	1.4676521427269491e-16
7	16	1	0.09573105559524807	3.239919196517553e-16
7	16	6	-0.1906386018068058	6.966223890346441e-17
7	16	9	0.14314214105850928	5.619453340151493e-16
7	16	12	0.26302698117939294	-5.039549027892651e-17
7	16	15	0.13720565254225722	-6.73696565945378e-17
7	16	18	-0.000633247005801555	-4.7793536232716736e-17
7	16	19	0.0006332470057997518	-5.5139655623417743e-17
7	16	22	1.8716864142271983e-07	1.8731472003759465e-17
7	17	0	0.036320693491218796	-2.060789721777451e-16
7	17	1	-0.09573105559524787	8.22427676129402e-18
7	17	6	0.19063860180680467	7.49441598756591e-18
7	17	9	-0.1431421410585077	-4.812549168103877e-16
7	17	12	-0.26302698117939366	3.365245791144705e-16
7	17	15	-0.13720565254225658	2.387007340830058e-16
7	17	18	-0.0006332470058009218	3.521435189603457e-16
7	17	19	0.0006332470058027029	-2.230519820628951e-16
7	17	22	-1.8716863989253345e-07	-5.253629878697334e-18
7	18	2	-0.1480905345340276	-1.1588546666372288e-16
7	18	3	-0.1480905345340042	3.313530972461254e-16
7	18	4	0.006715992732121067	1.6015144399141726e-16
7	18	5	0.006715992732122088	-3.472901928109388e-17
7	18	7	0.004468811305550881	-1.6005267980691527e-16
7	18	8	0.00446881130554992	8.782337267753841e-17
7	18	10	-0.07413445053025963	1.5424596556900648e-16
7	18	11	-0.07413445053024559	2.9945834449664505e-16
7	18	13	-0.13487226864846197	-8.463178277816993e-17
7	18	14	-0.13487226864843915	8.974866859011487e-16
7	18	16	-0.0006332470058015659	-4.7793536232716884e-17
7	18	17	-0.0006332470058009421	3.521435189603458e-16
7	18	20	-0.10232546326891438	-3.9476985272322045e-16
7	18	21	-0.10232546326889835	1.997989143754494e-16
7	19	2	0.1480905345340168	-7.749839974963692e-17
7	19	3	0.14809053453401494	5.4562967698415e-17
7	19	4	-0.006715992732122028	-1.4246017474561456e-16
7	19	5	-0.006715992732121151	1.3677873630784125e-17
7	19	7	-0.004468811305549435	-4.462147039683411e-17
7	19	8	-0.004468811305551361	1.0428050812352758e-16
7	19	10	0.0741344505302522	-4.542829373450046e-17
7	19	11	0.07413445053025304	-2.74485055491313e-16
7	19	13	0.13487226864845123	-1.7995665268010474e-16
7	19	14	0.13487226864844984	-4.632891543633064e-16
7	19	16	0.0006332470057997596	-5.51396556234177e-17
7	19	17	0.000633247005802722	-2.230519820628949e-16
7	19	20	0.10232546326890798	2.1355869334034882e-16
7	19	21	0.10232546326890475	1.6499416347119566e-16
7	20	0	-0.010477511364935622	2.915503056539856e-16
7	20	1	-0.052441737163068824	5.556288450105362e-16
7	20	6	-0.10119953597732692	3.164472611618138e-16
7	20	9	0.09625923074066488	-4.915103487087252e-16
7	20	12	-0.11892894252811398	6.395310847173562e-17
7	20	15	0.0013027624311719936	5.171352449814845e-17
7	20	18	-0.10232546326891441	-3.9476985272322045e-16
7	20	19	0.10232546326890803	2.1355869334034877e-16
7	20	22	0.10277325981917396	-1.2459595211307246e-16
7	21	0	0.010477511364935783	-4.101970886696396e-16
7	21	1	0.05244173716306734	-6.05793271511514e-16
7	21	6	0.10119953597732413	-3.7062980178448305e-16
7	21	9	-0.09625923074066284	4.611815750556242e-16
7	21	12	0.11892894252811281	-1.4228440859509342e-16
7	21	15	-0.0013027624311699553	7.78349405925107e-17
7	21	18	-0.10232546326889838	1.997989143754493e-16
7	21	19	0.10232546326890476	1.6499416347119559e-16
7	21	22	-0.10277325981918904	-1.4378883612864117e-16
7	22	2	0.13214499278918498	-3.960484667174911e-17
7	22	3	-0.13214499278920602	-4.777540654348387e-16
7	22	4	4.710693963147873e-06	1.6826652140599703e-16
7	22	5	-4.710693961925296e-06	-2.320337728389206e-16
7	22	7	-3.1211260335692823e-06	3.642709796467439e-17
7	22	8	3.1211260331540024e-06	5.637411119415465e-17
7	22	10	0.0817853652189802	-3.2450783404601e-16
7	22	11	-0.08178536521899094	1.3690692543489685e-16
7	22	13	0.13017402171161604	-7.003652621069589e-16
7	22	14	-0.130174021711634	1.511732437179564e-16
7	22	16	1.8716864141540758e-07	1.873147200375978e-17
7	22	17	-1.871686398977683e-07	-5.2536298786974505e-18
7	22	20	0.10277325981917394	-1.2459595211307229e-16
7	22	21	-0.10277325981918907	-1.4378883612864115e-16
8	0	0	0.5688099534029495	-1.949124066336051e-15
8	0	1	0.5710400271583835	-5.327771947946794e-17
8	0	6	0.32510507624873924	2.100099876428067e-15
8	0	9	-0.07430812264369867	-1.0526567362605583e-15
8	0	12	-0.12028037940721298	4.1955107098230906e-16
8	0	15	0.0057831455026980064	-2.3758626484331074e-16
8	1	0	0.5710400271583848	-5.327771947946761e-17
8	1	1	0.3450941394045299	3.656426560480591e-16
8	1	6	-0.1551393757334611	1.360518114611484e-15
8	1	9	0.3111176145223359	-2.849858188461986e-17
8	1	12	0.0187689059324558	-9.917533578821741e-17
8	1	15	0.18230148089164955	-9.839604965968835e-18
8	2	2	-0.22588011183322956	-4.129531828101084e-17
8	2	5	-0.00013613646573193444	7.238959985137076e-17
8	2	7	0.0002599463938058719	-3.674755681576833e-17
8	2	10	-0.13069242931497035	3.059074531131292e-16
8	2	13	-0.1714503949853639	1.4504606797672253e-16
8	2	16	0.0003574871309860438	3.488405742522195e-17
8	2	20	-0.17825213951633107	-2.7225841852039464e-16
8	3	3	0.22588011183322693	-9.351699610340615e-17
8	3	4	0.0001361364657315332	1.2043703537475612e-16
8	3	8	-0.0002599463938041215	-6.010819880862739e-17
8	3	11	0.13069242931496822	-3.651269317685169e-16
8	3	14	0.1714503949853616	-2.3001563871986476e-16
8	3	17	-0.00035748713098777035	-1.2058746457034076e-16
8	3	21	0.1782521395163298	1.0265528487658478e-16
8	4	3	0.00013613646573155632	1.2043703537475607e-16
8	4	4	-0.006810009546805178	-3.377626676415178e-17
8	4	8	0.16009571914166573	-9.396388106795424e-17
8	4	11	-0.00020648243955953717	-2.926808420696881e-18
8	4	14	0.0002913185349302809	-1.0811054386347573e-16
8	4	17	-0.114160886161062	-1.6633450236240199e-16
8	4	21	-0.00021504007914166203	1.190168213675602e-16
8	5	2	-0.00013613646573194514	7.238959985137083e-17
8	5	5	0.0068100095468051295	-7.882183533495125e-17
8	5	7	-0.16009571914166573	1.1604999597486425e-17
8	5	10	0.00020648243955900228	7.423269934214017e-17
8	5	13	-0.00029131853493108146	2.7180771671690754e-17
8	5	16	0.11416088616106199	2.292951807256057e-16
8	5	20	0.00021504007914187133	4.877556831872958e-17
8	6	0	0.3251050762487393	2.10009987642807e-15
8	6	1	-0.15513937573346118	1.360518114611483e-15
8	6	6	-0.43617249875436426	3.294631560058159e-16
8	6	9	0.3135781690745506	4.845572386354821e-16
8	6	12	-0.16832618698030033	-2.3302549006594974e-16
8	6	15	-0.10427246222933406	1.4538211636598072e-16
8	7	2	0.000259946393805877	-3.674755681576852e-17
8	7	5	-0.16009571914166582	1.160499959748635e-17
8	7	7	-0.1721790277815646	-2.675031280545576e-16
8	7	10	-0.00039856479794842165	2.4508640978847172e-17
8	7	13	0.0003362106543094198	-5.309714327358449e-17
8	7	16	-0.03934697116103798	2.7841397804106653e-16
8	7	20	-0.00015654625808438866	-1.1739976484661092e-16
8	8	3	-0.00025994639380410537	-6.010819880862741e-17
8	8	4	0.16009571914166573	-9.396388106795411e-17
8	8	8	0.17217902778156463	2.3655932679298304e-17
8	8	11	0.00039856479794868284	-5.387514714459586e-18
8	8	14	-0.0003362106543079337	-8.442955237178809e-17
8	8	17	0.039346971161038476	-1.8528686047462356e-16
8	8	21	0.00015654625808569165	-1.8998588068939383e-17
8	9	0	-0.07430812264369882	-1.05265673626056e-15
8	9	1	0.31111761452233594	-2.84985818846199e-17
8	9	6	0.31357816907455077	4.84557238635482e-16
8	9	9	-0.16343727783630996	3.916565793491173e-16
8	9	12	0.256659395259328	3.245191373405538e-16
8	9	15	0.12164993636626602	5.130504346687286e-16
8	10	2	-0.13069242931497008	3.0590745311312896e-16
8	10	5	0.00020648243955900377	7.423269934214006e-17
8	10	7	-0.00039856479794841477	2.4508640978847347e-17
8	10	10	-0.06734105422583599	4.33683918794466e-16
8	10	13	-0.11276170915412924	4.536330876649548e-16
8	10	16	-0.0004248400773715063	5.886489995726837e-17
8	10	20	-0.13326843986546516	1.456257629435619e-16
8	11	3	0.13069242931496802	-3.651269317685168e-16
8	11	4	-0.0002064824395595404	-2.9268084206969605e-18
8	11	8	0.000398564797948665	-5.38751471445956e-18
8	11	11	0.06734105422583493	-4.467876791383562e-16
8	11	14	0.11276170915412777	-5.037626450196912e-16
8	11	17	0.00042484007737056883	-2.0495913565835014e-16
8	11	21	0.13326843986546508	-2.4772637932343093e-16
8	12	0	-0.12028037940721302	4.1955107098230906e-16
8	12	1	0.01876890593245596	-9.917533578821711e-17
8	12	6	-0.1683261869803002	-2.3302549006594915e-16
8	12	9	0.2566593952593276	3.2451913734055337e-16
8	12	12	0.22111586460061403	-5.0741946266195045e-16
8	12	14	1.537046148498916e-14	2.6131426453999537e-15
8	12	15	0.326884364895069	-6.993625065425995e-17
8	13	2	-0.17145039498536394	1.4504606797672253e-16
8	13	5	-0.00029131853493108043	2.718077167169068e-17
8	13	7	0.00033621065430942336	-5.3097143273584447e-17
8	13	10	-0.11276170915412938	4.536330876649545e-16
8	13	13	-0.1381729314700207	8.085230297753831e-16
8	13	16	0.00017036245046619065	3.5481161062269266e-17
8	13	20	-0.15817954815439464	1.2530358769799396e-16
8	14	3	0.17145039498536158	-2.3001563871986466e-16
8	14	4	0.00029131853493026544	-1.081105438634757e-16
8	14	8	-0.00033621065430795144	-8.442955237178807e-17
8	14	11	0.11276170915412782	-5.037626450196915e-16
8	14	12	1.537046148498917e-14	2.6131426453999525e-15
8	14	14	0.13817293147001583	-9.890175280135553e-16
8	14	17	-0.0001703624504686288	-3.0958542717299403e-16
8	14	21	0.15817954815439275	-2.84530802475756e-16
8	15	0	0.005783145502698076	-2.375862648433118e-16
8	15	1	0.18230148089164966	-9.839604965969003e-18
8	15	6	-0.10427246222933374	1.4538211636598148e-16
8	15	9	0.12164993636626563	5.130504346687278e-16
8	15	12	0.32688436489506895	-6.993625065425993e-17
8	15	15	0.17317087185567578	-2.765443715672398e-16
8	16	2	0.00035748713098603265	3.488405742522223e-17
8	16	5	0.11416088616106214	2.292951807256059e-16
8	16	7	-0.03934697116103789	2.784139780410669e-16
8	16	10	-0.00042484007737148824	5.886489995726861e-17
8	16	13	0.000170362450466214	3.5481161062269556e-17
8	16	16	0.15336886360641416	-9.191242933869105e-17
8	16	20	-0.0001377599630307353	1.3388113075798303e-16
8	17	3	-0.00035748713098778575	-1.2058746457034076e-16
8	17	4	-0.1141608861610621	-1.663345023624022e-16
8	17	8	0.039346971161038385	-1.852868604746236e-16
8	17	11	0.000424840077370549	-2.0495913565835017e-16
8	17	14	-0.00017036245046864488	-3.095854271729941e-16
8	17	17	-0.1533688636064148	2.2709759889081085e-16
8	17	21	0.00013775996302934298	-9.711732969909553e-17
8	18	18	-0.0692785343483526	1.0144288182837954e-16
8	19	19	0.06927853434835246	-7.501865224107181e-17
8	20	2	-0.17825213951633112	-2.722584185203945e-16
8	20	5	0.00021504007914186805	4.8775568318729636e-17
8	20	7	-0.00015654625808438584	-1.173997648466108e-16
8	20	10	-0.13326843986546535	1.4562576294356163e-16
8	20	13	-0.15817954815439478	1.253035876979941e-16
8	20	16	-0.00013775996303073398	1.338811307579828e-16
8	20	20	-0.14381040433474793	-6.009234586693151e-16
8	21	3	0.1782521395163297	1.0265528487658482e-16
8	21	4	-0.00021504007914166924	1.1901682136756018e-16
8	21	8	0.00015654625808567756	-1.8998588068939334e-17
8	21	11	0.13326843986546505	-2.4772637932343083e-16
8	21	14	0.15817954815439284	-2.845308024757559e-16
8	21	17	0.00013775996302936065	-9.711732969909546e-17
8	21	21	0.1438104043347488	4.0177724033930983e-16
8	22	22	-0.06638136065407543	1.1900150686066887e-16
