0	0	0	0.5690590783093271	0.0
0	0	1	0.5713831109510034	0.0
0	0	6	0.3250745325556192	0.0
0	0	9	-0.07924825256362991	0.0
0	0	12	-0.11556144566933738	0.0
0	0	13	0.004160705701526829	0.0
0	1	0	0.5713831109510037	0.0
0	1	1	0.3457636617204642	0.0
0	1	6	-0.15383415421655988	0.0
0	1	9	0.30944266515402036	0.0
0	1	12	0.008266167630836128	0.0
0	1	13	0.18130770861275103	0.0
0	1	15	3.8591452900344104e-14	0.0
0	2	2	0.22376446174084091	0.0
0	2	5	0.00013593450701320092	0.0
0	2	8	-0.0002615060921070419	0.0
0	2	10	0.12639921923649267	0.0
0	2	13	-3.650109274721278e-14	0.0
0	2	15	0.16884185490720927	0.0
0	2	16	-0.0003606952759181806	0.0
0	3	3	-0.22376446174084247	0.0
0	3	4	0.00013593450701314026	0.0
0	3	7	-0.00026150609210644037	0.0
0	3	11	-0.12639921923649436	0.0
0	3	14	-0.16884185490721054	0.0
0	3	17	-0.0003606952759247062	0.0
0	4	3	0.00013593450701314776	0.0
0	4	4	0.006583532159534486	0.0
0	4	7	-0.1603188251318293	0.0
0	4	11	-0.00020488396792415914	0.0
0	4	14	0.0003014286249453974	0.0
0	4	17	0.11472399959325719	0.0
0	5	2	0.00013593450701323073	0.0
0	5	5	-0.006583532159534518	0.0
0	5	8	0.16031882513182877	0.0
0	5	10	-0.0002048839679239893	0.0
0	5	15	0.0003014286249499231	0.0
0	5	16	-0.11472399959325698	0.0
0	6	0	0.3250745325556187	0.0
0	6	1	-0.15383415421656035	0.0
0	6	6	-0.43530122751362305	0.0
0	6	9	0.3067537308282715	0.0
0	6	12	-0.17837410071763227	0.0
0	6	13	-0.10413573679443654	0.0
0	6	15	-2.260421706351561e-14	0.0
0	7	3	-0.0002615060921064242	0.0
0	7	4	-0.16031882513182935	0.0
0	7	7	-0.17276054565428742	0.0
0	7	11	0.00040037760291458863	0.0
0	7	14	-0.0003564703842936005	0.0
0	7	17	-0.03786790564705554	0.0
0	8	2	-0.00026150609210703527	0.0
0	8	5	0.16031882513182877	0.0
0	8	8	0.17276054565428658	0.0
0	8	10	0.00040037760291451057	0.0
0	8	15	-0.0003564703842954311	0.0
0	8	16	0.037867905647055555	0.0
0	9	0	-0.07924825256362969	0.0
0	9	1	0.30944266515402025	0.0
0	9	6	0.3067537308282711	0.0
0	9	9	-0.1427639140160761	0.0
0	9	12	0.2668472770910298	0.0
0	9	13	0.13539072518167883	0.0
0	9	15	2.868684735395819e-14	0.0
0	10	2	0.1263992192364926	0.0
0	10	5	-0.0002048839679240143	0.0
0	10	8	0.00040037760291450385	0.0
0	10	10	0.06523142636916143	0.0
0	10	13	-2.379738695251263e-14	0.0
0	10	15	0.1061136150369961	0.0
0	10	16	0.00043060356343868877	0.0
0	11	3	-0.12639921923649444	0.0
0	11	4	-0.00020488396792417367	0.0
0	11	7	0.00040037760291457595	0.0
0	11	11	-0.06523142636916308	0.0
0	11	14	-0.10611361503699825	0.0
0	11	17	0.00043060356343446206	0.0
0	12	0	-0.11556144566933736	0.0
0	12	1	0.008266167630836103	0.0
0	12	6	-0.1783741007176322	0.0
0	12	9	0.26684727709103	0.0
0	12	12	0.20781697600493748	0.0
0	12	13	0.3201201766572786	0.0
0	12	15	6.828273290090869e-14	0.0
0	13	0	0.004160705701526776	0.0
0	13	1	0.1813077086127509	0.0
0	13	2	-3.650109274721276e-14	0.0
0	13	6	-0.10413573679443656	0.0
0	13	9	0.13539072518167886	0.0
0	13	10	-2.3797386952512622e-14	0.0
0	13	12	0.32012017665727815	0.0
0	13	13	0.17341742654610495	0.0
0	13	15	1.0487458947174027e-14	0.0
0	14	3	-0.16884185490721046	0.0
0	14	4	0.00030142862494537276	0.0
0	14	7	-0.00035647038429361175	0.0
0	14	11	-0.1061136150369982	0.0
0	14	14	-0.12350469332420567	0.0
0	14	17	-0.0001924837338599645	0.0
0	15	1	3.8591452900344117e-14	0.0
0	15	2	0.16884185490720915	0.0
0	15	5	0.00030142862494989757	0.0
0	15	6	-2.2604217063515616e-14	0.0
0	15	8	-0.00035647038429545473	0.0
0	15	9	2.868684735395821e-14	0.0
0	15	10	0.10611361503699619	0.0
0	15	12	6.82827329009087e-14	0.0
0	15	13	1.0487458947174008e-14	0.0
0	15	15	0.12350469332420329	0.0
0	15	16	-0.0001924837338492451	0.0
0	16	2	-0.00036069527591816805	0.0
0	16	5	-0.11472399959325705	0.0
0	16	8	0.037867905647055625	0.0
0	16	10	0.0004306035634386844	0.0
0	16	15	-0.00019248373384924062	0.0
0	16	16	-0.15258068504626546	0.0
0	17	3	-0.00036069527592468936	0.0
0	17	4	0.11472399959325733	0.0
0	17	7	-0.03786790564705552	0.0
0	17	11	0.00043060356343446797	0.0
0	17	14	-0.00019248373385995896	0.0
0	17	17	0.15258068504626565	0.0
0	18	18	-0.06715988509594974	0.0
0	19	19	0.06715988509594965	0.0
1	0	2	0.5489867867567959	0.0
1	0	3	0.5489867867567965	0.0
1	0	4	0.4663107609043825	0.0
1	0	5	-0.4663107609043825	0.0
1	0	7	0.12371787405758805	0.0
1	0	8	-0.12371787405758779	0.0
1	0	10	0.09311495690752505	0.0
1	0	11	0.09311495690752586	0.0
1	0	14	-0.023736919335022744	0.0
1	0	15	-0.023736919335023598	0.0
1	0	16	0.03586657270279349	0.0
1	0	17	-0.03586657270279448	0.0
1	1	2	0.2432086219229064	0.0
1	1	3	0.24320862192290588	0.0
1	1	4	0.33008972476305853	0.0
1	1	5	-0.3300897247630584	0.0
1	1	7	-0.31381391322908647	0.0
1	1	8	0.3138139132290862	0.0
1	1	10	-0.25377927115019483	0.0
1	1	11	-0.25377927115019555	0.0
1	1	13	2.9749677268264534e-14	0.0
1	1	14	-0.13080023616385747	0.0
1	1	15	-0.13080023616385308	0.0
1	1	16	-0.09538208887252377	0.0
1	1	17	0.09538208887251895	0.0
1	2	0	0.5489867867567957	0.0
1	2	1	0.24320862192290618	0.0
1	2	6	0.04259468273000995	0.0
1	2	9	0.07151721276814939	0.0
1	2	12	-0.052695258906852394	0.0
1	2	13	-0.043751810071231585	0.0
1	2	18	0.144756761019522	0.0
1	2	19	-0.14475676101952561	0.0
1	3	0	0.5489867867567964	0.0
1	3	1	0.2432086219229058	0.0
1	3	6	0.04259468273001023	0.0
1	3	9	0.07151721276814885	0.0
1	3	12	-0.05269525890685226	0.0
1	3	13	-0.0437518100712333	0.0
1	3	18	-0.14475676101952992	0.0
1	3	19	0.1447567610195257	0.0
1	4	0	0.4663107609043823	0.0
1	4	1	0.3300897247630585	0.0
1	4	6	-0.0816969055589664	0.0
1	4	9	0.09830553773469193	0.0
1	4	12	-0.026821452774271136	0.0
1	4	13	0.04024155888836045	0.0
1	4	18	-0.007303508805657833	0.0
1	4	19	0.007303508805657411	0.0
1	5	0	-0.4663107609043821	0.0
1	5	1	-0.33008972476305837	0.0
1	5	6	0.08169690555896675	0.0
1	5	9	-0.09830553773469211	0.0
1	5	12	0.026821452774271223	0.0
1	5	13	-0.04024155888836057	0.0
1	5	18	-0.007303508805657823	0.0
1	5	19	0.007303508805658202	0.0
1	6	2	0.042594682730009784	0.0
1	6	3	0.042594682730010096	0.0
1	6	4	-0.08169690555896665	0.0
1	6	5	0.08169690555896703	0.0
1	6	7	-0.34834884450747056	0.0
1	6	8	0.3483488445074703	0.0
1	6	10	-0.2787111560994502	0.0
1	6	11	-0.27871115609945063	0.0
1	6	13	-3.037230890071225e-14	0.0
1	6	14	0.12557370466710172	0.0
1	6	15	0.12557370466709525	0.0
1	6	16	0.18919784682724664	0.0
1	6	17	-0.18919784682724258	0.0
1	7	0	0.12371787405758791	0.0
1	7	1	-0.3138139132290869	0.0
1	7	6	-0.3483488445074706	0.0
1	7	9	0.11852422696591215	0.0
1	7	12	-0.1656210290353343	0.0
1	7	13	-0.045494798626387736	0.0
1	7	18	-0.005043254448497838	0.0
1	7	19	0.005043254448497043	0.0
1	8	0	-0.12371787405758759	0.0
1	8	1	0.3138139132290865	0.0
1	8	6	0.34834884450747017	0.0
1	8	9	-0.11852422696591208	0.0
1	8	12	0.16562102903533407	0.0
1	8	13	0.045494798626387924	0.0
1	8	18	-0.005043254448497807	0.0
1	8	19	0.005043254448498586	0.0
1	9	2	0.07151721276814958	0.0
1	9	3	0.07151721276814901	0.0
1	9	4	0.09830553773469203	0.0
1	9	5	-0.09830553773469222	0.0
1	9	7	0.11852422696591197	0.0
1	9	8	-0.11852422696591193	0.0
1	9	10	0.17076603161251647	0.0
1	9	11	0.17076603161251636	0.0
1	9	13	4.1030750690055257e-14	0.0
1	9	14	-0.17649154992064062	0.0
1	9	15	-0.17649154992063465	0.0
1	9	16	-0.15190682935190944	0.0
1	9	17	0.1519068293519035	0.0
1	10	0	0.09311495690752483	0.0
1	10	1	-0.25377927115019455	0.0
1	10	6	-0.2787111560994501	0.0
1	10	9	0.17076603161251658	0.0
1	10	12	-0.14240894032086993	0.0
1	10	13	-0.11466767452058088	0.0
1	10	15	-2.476925363580633e-14	0.0
1	10	18	0.07303620427979908	0.0
1	10	19	-0.07303620427980197	0.0
1	11	0	0.09311495690752566	0.0
1	11	1	-0.2537792711501953	0.0
1	11	6	-0.27871115609945063	0.0
1	11	9	0.17076603161251652	0.0
1	11	12	-0.14240894032086956	0.0
1	11	13	-0.11466767452058196	0.0
1	11	15	-2.498686950168775e-14	0.0
1	11	18	-0.07303620427980481	0.0
1	11	19	0.07303620427980156	0.0
1	12	2	-0.052695258906852366	0.0
1	12	3	-0.05269525890685227	0.0
1	12	4	-0.026821452774271084	0.0
1	12	5	0.02682145277427123	0.0
1	12	7	-0.16562102903533424	0.0
1	12	8	0.16562102903533413	0.0
1	12	10	-0.14240894032086987	0.0
1	12	11	-0.14240894032086965	0.0
1	12	13	3.0481361189169843e-14	0.0
1	12	14	-0.12979562085540977	0.0
1	12	15	-0.12979562085540144	0.0
1	12	16	-0.25758106630019845	0.0
1	12	17	0.25758106630019423	0.0
1	13	1	2.9749677268264515e-14	0.0
1	13	2	-0.04375181007123166	0.0
1	13	3	-0.04375181007123337	0.0
1	13	4	0.040241558888360375	0.0
1	13	5	-0.04024155888836049	0.0
1	13	6	-3.037230890071224e-14	0.0
1	13	7	-0.04549479862638778	0.0
1	13	8	0.04549479862638796	0.0
1	13	9	4.103075069005533e-14	0.0
1	13	10	-0.11466767452058094	0.0
1	13	11	-0.11466767452058206	0.0
1	13	12	3.0481361189169856e-14	0.0
1	13	13	6.946097105870668e-14	0.0
1	13	14	-0.15555343950917594	0.0
1	13	15	-0.15555343950916986	0.0
1	13	16	-0.13576132285261727	0.0
1	13	17	0.13576132285261164	0.0
1	13	18	-2.656404605466478e-14	0.0
1	13	19	2.6500944662304197e-14	0.0
1	14	0	-0.02373691933502265	0.0
1	14	1	-0.13080023616385736	0.0
1	14	6	0.12557370466710163	0.0
1	14	9	-0.17649154992064056	0.0
1	14	12	-0.12979562085540977	0.0
1	14	13	-0.15555343950917602	0.0
1	14	15	-3.349327756686406e-14	0.0
1	14	18	-0.1262491863569529	0.0
1	14	19	0.12624918635694893	0.0
1	15	0	-0.023736919335023553	0.0
1	15	1	-0.13080023616385314	0.0
1	15	6	0.1255737046670953	0.0
1	15	9	-0.17649154992063482	0.0
1	15	10	-2.4769253635806337e-14	0.0
1	15	11	-2.4986869501687766e-14	0.0
1	15	12	-0.1297956208554015	0.0
1	15	13	-0.15555343950916994	0.0
1	15	14	-3.349327756686406e-14	0.0
1	15	15	-6.642958355745783e-14	0.0
1	15	16	-3.08169090197071e-14	0.0
1	15	17	2.9104188317372563e-14	0.0
1	15	18	0.12624918635694551	0.0
1	15	19	-0.126249186356949	0.0
1	16	0	0.03586657270279352	0.0
1	16	1	-0.09538208887252364	0.0
1	16	6	0.1891978468272467	0.0
1	16	9	-0.1519068293519097	0.0
1	16	12	-0.25758106630019845	0.0
1	16	13	-0.13576132285261727	0.0
1	16	15	-3.081690901970712e-14	0.0
1	16	18	0.000645383362080758	0.0
1	16	19	-0.0006453833620816168	0.0
1	17	0	-0.035866572702794516	0.0
1	17	1	0.09538208887251888	0.0
1	17	6	-0.18919784682724258	0.0
1	17	9	0.1519068293519036	0.0
1	17	12	0.2575810663001942	0.0
1	17	13	0.13576132285261167	0.0
1	17	15	2.9104188317372545e-14	0.0
1	17	18	0.0006453833620759669	0.0
1	17	19	-0.00064538336207511	0.0
1	18	2	0.14475676101952192	0.0
1	18	3	-0.1447567610195299	0.0
1	18	4	-0.0073035088056578375	0.0
1	18	5	-0.0073035088056578315	0.0
1	18	7	-0.0050432544484978305	0.0
1	18	8	-0.005043254448497808	0.0
1	18	10	0.07303620427979911	0.0
1	18	11	-0.07303620427980471	0.0
1	18	13	-2.6564046054664776e-14	0.0
1	18	14	-0.12624918635695281	0.0
1	18	15	0.12624918635694551	0.0
1	18	16	0.0006453833620807492	0.0
1	18	17	0.0006453833620759578	0.0
1	19	2	-0.14475676101952564	0.0
1	19	3	0.14475676101952556	0.0
1	19	4	0.007303508805657423	0.0
1	19	5	0.007303508805658208	0.0
1	19	7	0.005043254448497032	0.0
1	19	8	0.00504325444849859	0.0
1	19	10	-0.073036204279802	0.0
1	19	11	0.07303620427980148	0.0
1	19	13	2.6500944662304235e-14	0.0
1	19	14	0.12624918635694887	0.0
1	19	15	-0.126249186356949	0.0
1	19	16	-0.0006453833620816069	0.0
1	19	17	-0.0006453833620750995	0.0
2	0	18	0.024309703503235136	0.0
2	0	19	-0.024309703503235084	0.0
2	1	18	-0.002486809412099958	0.0
2	1	19	0.0024868094120999522	0.0
2	2	2	0.033601070796438294	0.0
2	2	3	0.033601070796438336	0.0
2	2	10	-0.010119393108567656	0.0
2	2	11	-0.010119393108567675	0.0
2	2	14	-0.0024846012699000298	0.0
2	2	15	-0.00248460126989992	0.0
2	3	2	0.033601070796438336	0.0
2	3	3	0.03360107079643838	0.0
2	3	10	-0.010119393108567654	0.0
2	3	11	-0.01011939310856767	0.0
2	3	14	-0.002484601269900028	0.0
2	3	15	-0.002484601269899921	0.0
2	4	4	0.031045548999972382	0.0
2	4	5	-0.03104554899997242	0.0
2	4	7	-0.014727335022974656	0.0
2	4	8	0.014727335022974632	0.0
2	4	16	0.0020644212328597067	0.0
2	4	17	-0.002064421232859709	0.0
2	5	4	-0.03104554899997241	0.0
2	5	5	0.031045548999972455	0.0
2	5	7	0.01472733502297468	0.0
2	5	8	-0.014727335022974661	0.0
2	5	16	-0.0020644212328597153	0.0
2	5	17	0.002064421232859717	0.0
2	6	18	-0.0015283379953311307	0.0
2	6	19	0.001528337995331126	0.0
2	7	4	-0.014727335022974661	0.0
2	7	5	0.014727335022974691	0.0
2	7	7	-0.022514946653955085	0.0
2	7	8	0.022514946653955033	0.0
2	7	16	0.01351654427348055	0.0
2	7	17	-0.013516544273480579	0.0
2	8	4	0.014727335022974637	0.0
2	8	5	-0.014727335022974668	0.0
2	8	7	0.022514946653955033	0.0
2	8	8	-0.022514946653954974	0.0
2	8	16	-0.013516544273480518	0.0
2	8	17	0.01351654427348054	0.0
2	9	18	0.0008599922151808082	0.0
2	9	19	-0.0008599922151808077	0.0
2	10	2	-0.010119393108567661	0.0
2	10	3	-0.010119393108567661	0.0
2	10	10	-0.020372104780308285	0.0
2	10	11	-0.020372104780308285	0.0
2	10	14	0.011604872649148494	0.0
2	10	15	0.011604872649148532	0.0
2	11	2	-0.010119393108567682	0.0
2	11	3	-0.01011939310856768	0.0
2	11	10	-0.020372104780308282	0.0
2	11	11	-0.020372104780308282	0.0
2	11	14	0.011604872649148485	0.0
2	11	15	0.011604872649148529	0.0
2	12	18	-0.00271788807265989	0.0
2	12	19	0.0027178880726598837	0.0
2	13	18	-0.009520949712520177	0.0
2	13	19	0.009520949712520156	0.0
2	14	2	-0.002484601269900026	0.0
2	14	3	-0.002484601269900022	0.0
2	14	10	0.011604872649148492	0.0
2	14	11	0.011604872649148487	0.0
2	14	14	0.0082178887743823	0.0
2	14	15	0.008217888774382337	0.0
2	15	2	-0.0024846012698999153	0.0
2	15	3	-0.0024846012698999166	0.0
2	15	10	0.011604872649148537	0.0
2	15	11	0.011604872649148534	0.0
2	15	14	0.008217888774382336	0.0
2	15	15	0.008217888774382379	0.0
2	16	4	0.002064421232859712	0.0
2	16	5	-0.0020644212328597214	0.0
2	16	7	0.013516544273480558	0.0
2	16	8	-0.01351654427348052	0.0
2	16	16	0.015355239894467049	0.0
2	16	17	-0.01535523989446707	0.0
2	17	4	-0.002064421232859712	0.0
2	17	5	0.0020644212328597223	0.0
2	17	7	-0.013516544273480586	0.0
2	17	8	0.01351654427348055	0.0
2	17	16	-0.015355239894467071	0.0
2	17	17	0.015355239894467092	0.0
2	18	0	0.024309703503235143	0.0
2	18	1	-0.002486809412099959	0.0
2	18	6	-0.0015283379953311305	0.0
2	18	9	0.0008599922151808061	0.0
2	18	12	-0.0027178880726598915	0.0
2	18	13	-0.009520949712520172	0.0
2	19	0	-0.024309703503235084	0.0
2	19	1	0.0024868094120999544	0.0
2	19	6	0.0015283379953311277	0.0
2	19	9	-0.0008599922151808041	0.0
2	19	12	0.0027178880726598837	0.0
2	19	13	0.009520949712520151	0.0
3	0	2	0.5489867867567969	0.0
3	0	3	-0.5489867867567966	0.0
3	0	4	-0.4663107609043831	0.0
3	0	5	-0.4663107609043829	0.0
3	0	7	-0.12371787405758797	0.0
3	0	8	-0.12371787405758819	0.0
3	0	10	0.09311495690752548	0.0
3	0	11	-0.09311495690752619	0.0
3	0	14	0.023736919335022963	0.0
3	0	15	-0.02373691933502368	0.0
3	0	16	0.03586657270279308	0.0
3	0	17	0.03586657270279447	0.0
3	1	2	0.2432086219229069	0.0
3	1	3	-0.24320862192290577	0.0
3	1	4	-0.33008972476305876	0.0
3	1	5	-0.3300897247630587	0.0
3	1	7	0.313813913229087	0.0
3	1	8	0.31381391322908625	0.0
3	1	10	-0.2537792711501953	0.0
3	1	11	0.25377927115019505	0.0
3	1	13	2.976851476966097e-14	0.0
3	1	14	0.13080023616385744	0.0
3	1	15	-0.13080023616385342	0.0
3	1	16	-0.09538208887252403	0.0
3	1	17	-0.09538208887251898	0.0
3	2	0	0.5489867867567968	0.0
3	2	1	0.24320862192290674	0.0
3	2	6	0.042594682730009804	0.0
3	2	9	0.0715172127681495	0.0
3	2	12	-0.05269525890685224	0.0
3	2	13	-0.0437518100712316	0.0
3	2	18	-0.14475676101952206	0.0
3	2	19	-0.14475676101952564	0.0
3	3	0	-0.5489867867567966	0.0
3	3	1	-0.24320862192290568	0.0
3	3	6	-0.042594682730009756	0.0
3	3	9	-0.07151721276814917	0.0
3	3	12	0.05269525890685228	0.0
3	3	13	0.04375181007123329	0.0
3	3	15	1.0508695208367898e-14	0.0
3	3	18	-0.1447567610195298	0.0
3	3	19	-0.14475676101952586	0.0
3	4	0	-0.4663107609043827	0.0
3	4	1	-0.3300897247630588	0.0
3	4	6	0.08169690555896685	0.0
3	4	9	-0.09830553773469218	0.0
3	4	12	0.026821452774271136	0.0
3	4	13	-0.0402415588883605	0.0
3	4	18	-0.00730350880565778	0.0
3	4	19	-0.007303508805657477	0.0
3	5	0	-0.4663107609043826	0.0
3	5	1	-0.33008972476305876	0.0
3	5	6	0.0816969055589668	0.0
3	5	9	-0.09830553773469212	0.0
3	5	12	0.02682145277427099	0.0
3	5	13	-0.04024155888836049	0.0
3	5	18	0.00730350880565783	0.0
3	5	19	0.007303508805658121	0.0
3	6	2	0.04259468273000965	0.0
3	6	3	-0.04259468273000965	0.0
3	6	4	0.08169690555896707	0.0
3	6	5	0.081696905558967	0.0
3	6	7	0.34834884450747117	0.0
3	6	8	0.34834884450747094	0.0
3	6	10	-0.27871115609945074	0.0
3	6	11	0.27871115609945035	0.0
3	6	13	-2.839556182456332e-14	0.0
3	6	14	-0.12557370466710158	0.0
3	6	15	0.1255737046670948	0.0
3	6	16	0.18919784682724697	0.0
3	6	17	0.1891978468272422	0.0
3	7	0	-0.1237178740575878	0.0
3	7	1	0.31381391322908736	0.0
3	7	6	0.34834884450747106	0.0
3	7	9	-0.11852422696591221	0.0
3	7	12	0.1656210290353343	0.0
3	7	13	0.045494798626387986	0.0
3	7	18	-0.005043254448497332	0.0
3	7	19	-0.005043254448496838	0.0
3	8	0	-0.12371787405758806	0.0
3	8	1	0.31381391322908664	0.0
3	8	6	0.348348844507471	0.0
3	8	9	-0.11852422696591236	0.0
3	8	12	0.165621029035334	0.0
3	8	13	0.04549479862638802	0.0
3	8	18	0.00504325444849801	0.0
3	8	19	0.0050432544484985105	0.0
3	9	2	0.07151721276814971	0.0
3	9	3	-0.07151721276814928	0.0
3	9	4	-0.09830553773469226	0.0
3	9	5	-0.09830553773469222	0.0
3	9	7	-0.11852422696591224	0.0
3	9	8	-0.11852422696591224	0.0
3	9	10	0.1707660316125168	0.0
3	9	11	-0.17076603161251647	0.0
3	9	13	4.027018533272318e-14	0.0
3	9	14	0.17649154992064034	0.0
3	9	15	-0.17649154992063446	0.0
3	9	16	-0.15190682935191008	0.0
3	9	17	-0.15190682935190342	0.0
3	10	0	0.09311495690752529	0.0
3	10	1	-0.2537792711501949	0.0
3	10	6	-0.27871115609945063	0.0
3	10	9	0.17076603161251686	0.0
3	10	12	-0.14240894032086973	0.0
3	10	13	-0.11466767452058105	0.0
3	10	15	-2.4896541220859197e-14	0.0
3	10	18	-0.07303620427979905	0.0
3	10	19	-0.07303620427980181	0.0
3	11	0	-0.09311495690752607	0.0
3	11	1	0.25377927115019483	0.0
3	11	6	0.2787111560994503	0.0
3	11	9	-0.1707660316125167	0.0
3	11	12	0.14240894032086956	0.0
3	11	13	0.11466767452058184	0.0
3	11	15	2.4878408395748333e-14	0.0
3	11	18	-0.07303620427980469	0.0
3	11	19	-0.07303620427980168	0.0
3	12	2	-0.05269525890685235	0.0
3	12	3	0.05269525890685235	0.0
3	12	4	0.026821452774271115	0.0
3	12	5	0.026821452774270945	0.0
3	12	7	0.16562102903533432	0.0
3	12	8	0.16562102903533404	0.0
3	12	10	-0.14240894032086987	0.0
3	12	11	0.1424089403208696	0.0
3	12	13	3.057891103265044e-14	0.0
3	12	14	0.12979562085540997	0.0
3	12	15	-0.12979562085540117	0.0
3	12	16	-0.2575810663001986	0.0
3	12	17	-0.2575810663001939	0.0
3	13	1	2.976851476966091e-14	0.0
3	13	2	-0.043751810071231655	0.0
3	13	3	0.04375181007123335	0.0
3	13	4	-0.04024155888836042	0.0
3	13	5	-0.040241558888360465	0.0
3	13	6	-2.839556182456335e-14	0.0
3	13	7	0.04549479862638802	0.0
3	13	8	0.04549479862638801	0.0
3	13	9	4.0270185332723215e-14	0.0
3	13	10	-0.11466767452058113	0.0
3	13	11	0.11466767452058188	0.0
3	13	12	3.057891103265041e-14	0.0
3	13	13	7.035593918296714e-14	0.0
3	13	14	0.15555343950917588	0.0
3	13	15	-0.15555343950916986	0.0
3	13	16	-0.13576132285261763	0.0
3	13	17	-0.1357613228526118	0.0
3	13	18	2.786377617924258e-14	0.0
3	13	19	2.7750198173754545e-14	0.0
3	14	0	0.023736919335022828	0.0
3	14	1	0.13080023616385736	0.0
3	14	6	-0.1255737046671015	0.0
3	14	9	0.17649154992064028	0.0
3	14	12	0.1297956208554101	0.0
3	14	13	0.15555343950917608	0.0
3	14	15	3.340775452808944e-14	0.0
3	14	18	-0.12624918635695315	0.0
3	14	19	-0.1262491863569492	0.0
3	15	0	-0.023736919335023452	0.0
3	15	1	-0.1308002361638534	0.0
3	15	3	1.0508695208367895e-14	0.0
3	15	6	0.12557370466709483	0.0
3	15	9	-0.17649154992063462	0.0
3	15	10	-2.4896541220859197e-14	0.0
3	15	11	2.487840839574833e-14	0.0
3	15	12	-0.1297956208554012	0.0
3	15	13	-0.15555343950916992	0.0
3	15	14	3.340775452808938e-14	0.0
3	15	15	-6.650949689663281e-14	0.0
3	15	16	-3.0765786034606665e-14	0.0
3	15	17	-2.7772428042508246e-14	0.0
3	15	18	-0.1262491863569454	0.0
3	15	19	-0.1262491863569491	0.0
3	16	0	0.03586657270279312	0.0
3	16	1	-0.09538208887252396	0.0
3	16	6	0.18919784682724708	0.0
3	16	9	-0.15190682935191022	0.0
3	16	12	-0.25758106630019867	0.0
3	16	13	-0.13576132285261774	0.0
3	16	15	-3.0765786034606683e-14	0.0
3	16	18	-0.0006453833620807101	0.0
3	16	19	-0.0006453833620814437	0.0
3	17	0	0.035866572702794516	0.0
3	17	1	-0.09538208887251888	0.0
3	17	6	0.18919784682724217	0.0
3	17	9	-0.15190682935190353	0.0
3	17	12	-0.2575810663001938	0.0
3	17	13	-0.13576132285261172	0.0
3	17	15	-2.777242804250823e-14	0.0
3	17	18	0.0006453833620757885	0.0
3	17	19	0.0006453833620750565	0.0
3	18	2	-0.14475676101952192	0.0
3	18	3	-0.14475676101952983	0.0
3	18	4	-0.007303508805657809	0.0
3	18	5	0.007303508805657856	0.0
3	18	7	-0.005043254448497352	0.0
3	18	8	0.005043254448498027	0.0
3	18	10	-0.07303620427979907	0.0
3	18	11	-0.07303620427980466	0.0
3	18	13	2.7863776179242608e-14	0.0
3	18	14	-0.1262491863569532	0.0
3	18	15	-0.12624918635694538	0.0
3	18	16	-0.0006453833620807107	0.0
3	18	17	0.0006453833620757886	0.0
3	19	2	-0.14475676101952567	0.0
3	19	3	-0.14475676101952578	0.0
3	19	4	-0.007303508805657513	0.0
3	19	5	0.007303508805658145	0.0
3	19	7	-0.005043254448496857	0.0
3	19	8	0.00504325444849853	0.0
3	19	10	-0.07303620427980186	0.0
3	19	11	-0.07303620427980163	0.0
3	19	13	2.7750198173754586e-14	0.0
3	19	14	-0.12624918635694923	0.0
3	19	15	-0.1262491863569491	0.0
3	19	16	-0.0006453833620814421	0.0
3	19	17	0.0006453833620750639	0.0
4	0	0	2.1782052215679166	0.0
4	0	1	-0.7822110483353912	0.0
4	0	6	0.027265744070214006	0.0
4	0	9	-0.06995550375270383	0.0
4	0	12	0.08904240678796663	0.0
4	0	13	-0.0063795646797027055	0.0
4	1	0	-0.7822110483353901	0.0
4	1	1	-1.4216219166941857	0.0
4	1	6	0.9660505633651915	0.0
4	1	9	0.2960593661326161	0.0
4	1	12	-0.16274108174990914	0.0
4	1	13	0.08935579370153719	0.0
4	1	15	1.9659545374703687e-14	0.0
4	2	2	1.3521727763818032	0.0
4	2	10	-0.38269471950257977	0.0
4	2	13	-5.035972960419088e-14	0.0
4	2	15	0.227680701297334	0.0
4	2	16	1.7858415755304252e-14	0.0
4	3	3	-1.3521727763818068	0.0
4	3	11	0.38269471950258044	0.0
4	3	14	-0.227680701297336	0.0
4	4	4	-1.118392633679724	0.0
4	4	7	0.6031239749382591	0.0
4	4	17	0.06791497668873168	0.0
4	5	5	1.1183926336797254	0.0
4	5	8	-0.6031239749382583	0.0
4	5	16	-0.06791497668873141	0.0
4	6	0	0.027265744070214107	0.0
4	6	1	0.9660505633651926	0.0
4	6	6	1.0310283262937632	0.0
4	6	9	0.6368049472022452	0.0
4	6	12	0.6616175561665545	0.0
4	6	13	-0.3326860913829571	0.0
4	6	15	-7.070487084159155e-14	0.0
4	7	4	0.6031239749382594	0.0
4	7	7	0.9431585249269949	0.0
4	7	14	2.3001775539970032e-14	0.0
4	7	17	0.5876051789224215	0.0
4	8	5	-0.6031239749382585	0.0
4	8	8	-0.9431585249269917	0.0
4	8	13	1.1770337607813744e-14	0.0
4	8	15	4.50158386712245e-14	0.0
4	8	16	-0.5876051789224195	0.0
4	9	0	-0.06995550375270303	0.0
4	9	1	0.296059366132616	0.0
4	9	6	0.636804947202245	0.0
4	9	9	-0.7937994870571622	0.0
4	9	12	0.2521972566644805	0.0
4	9	13	0.6324897090623892	0.0
4	9	15	1.3367782394709374e-13	0.0
4	9	16	1.0021750560857646e-14	0.0
4	10	2	-0.38269471950258016	0.0
4	10	10	-0.8377885585492832	0.0
4	10	13	-1.0055788134972673e-13	0.0
4	10	15	0.48142697672002366	0.0
4	10	16	3.681886203256782e-14	0.0
4	11	3	0.38269471950258055	0.0
4	11	11	0.837788558549286	0.0
4	11	14	-0.48142697672002316	0.0
4	11	17	1.973755496065613e-14	0.0
4	12	0	0.08904240678796678	0.0
4	12	1	-0.16274108174990873	0.0
4	12	6	0.661617556166555	0.0
4	12	9	0.25219725666448073	0.0
4	12	12	-1.1309364086182618	0.0
4	12	13	0.08630328199192307	0.0
4	12	15	2.1522523302214597e-14	0.0
4	13	0	-0.00637956467970294	0.0
4	13	1	0.08935579370153744	0.0
4	13	2	-5.035972960419091e-14	0.0
4	13	6	-0.3326860913829569	0.0
4	13	8	1.1770337607813712e-14	0.0
4	13	9	0.63248970906239	0.0
4	13	10	-1.0055788134972669e-13	0.0
4	13	12	0.08630328199192316	0.0
4	13	13	0.6024704560924125	0.0
4	13	15	-1.904825742879982e-14	0.0
4	14	3	-0.22768070129733628	0.0
4	14	7	2.2972402585340508e-14	0.0
4	14	11	-0.4814269767200231	0.0
4	14	14	-0.6891258533573099	0.0
4	15	1	1.965954537470375e-14	0.0
4	15	2	0.22768070129733417	0.0
4	15	6	-7.07048708415915e-14	0.0
4	15	8	4.4983681967629245e-14	0.0
4	15	9	1.3367782394709387e-13	0.0
4	15	10	0.48142697672002344	0.0
4	15	12	2.1522523302214714e-14	0.0
4	15	13	-1.9048257428799825e-14	0.0
4	15	15	0.6891258533573053	0.0
4	16	2	1.8004126629074946e-14	0.0
4	16	5	-0.06791497668873156	0.0
4	16	8	-0.5876051789224197	0.0
4	16	9	1.0021750560857656e-14	0.0
4	16	10	3.687004102634572e-14	0.0
4	16	16	0.7381004251260747	0.0
4	17	4	0.06791497668873198	0.0
4	17	7	0.5876051789224215	0.0
4	17	11	1.9747184587893068e-14	0.0
4	17	17	-0.738100425126076	0.0
4	18	18	-0.7309528019122077	0.0
4	19	19	0.7309528019122054	0.0
5	0	2	0.548986786756794	0.0
5	0	3	0.5489867867567961	0.0
5	0	4	-0.4663107609043824	0.0
5	0	5	0.4663107609043836	0.0
5	0	7	-0.1237178740575878	0.0
5	0	8	0.12371787405758695	0.0
5	0	10	0.0931149569075259	0.0
5	0	11	0.09311495690752591	0.0
5	0	14	-0.023736919335019677	0.0
5	0	15	-0.023736919335017908	0.0
5	0	16	-0.035866572702797354	0.0
5	0	17	0.03586657270279625	0.0
5	1	2	0.2432086219229049	0.0
5	1	3	0.24320862192290546	0.0
5	1	4	-0.3300897247630581	0.0
5	1	5	0.3300897247630589	0.0
5	1	7	0.31381391322908697	0.0
5	1	8	-0.31381391322908575	0.0
5	1	10	-0.25377927115019566	0.0
5	1	11	-0.25377927115019566	0.0
5	1	13	2.6317106734039808e-14	0.0
5	1	14	-0.13080023616386466	0.0
5	1	15	-0.13080023616386763	0.0
5	1	16	0.09538208887250284	0.0
5	1	17	-0.09538208887250817	0.0
5	2	0	0.548986786756794	0.0
5	2	1	0.24320862192290527	0.0
5	2	6	0.04259468273001015	0.0
5	2	9	0.07151721276814928	0.0
5	2	12	-0.05269525890685242	0.0
5	2	13	-0.04375181007123192	0.0
5	2	18	0.14475676101952165	0.0
5	2	19	-0.14475676101952448	0.0
5	3	0	0.5489867867567961	0.0
5	3	1	0.24320862192290565	0.0
5	3	6	0.04259468273001018	0.0
5	3	9	0.07151721276814882	0.0
5	3	12	-0.052695258906852296	0.0
5	3	13	-0.04375181007123342	0.0
5	3	18	-0.14475676101952972	0.0
5	3	19	0.14475676101952628	0.0
5	4	0	-0.4663107609043824	0.0
5	4	1	-0.3300897247630584	0.0
5	4	6	0.08169690555896676	0.0
5	4	9	-0.09830553773469201	0.0
5	4	12	0.026821452774271174	0.0
5	4	13	-0.040241558888360375	0.0
5	4	18	0.00730350880565759	0.0
5	4	19	-0.007303508805657108	0.0
5	5	0	0.4663107609043836	0.0
5	5	1	0.33008972476305914	0.0
5	5	6	-0.08169690555896683	0.0
5	5	9	0.09830553773469229	0.0
5	5	12	-0.0268214527742714	0.0
5	5	13	0.04024155888836038	0.0
5	5	18	0.00730350880565732	0.0
5	5	19	-0.007303508805657783	0.0
5	6	2	0.042594682730010054	0.0
5	6	3	0.04259468273001007	0.0
5	6	4	0.08169690555896687	0.0
5	6	5	-0.08169690555896691	0.0
5	6	7	0.34834884450747094	0.0
5	6	8	-0.3483488445074699	0.0
5	6	10	-0.27871115609945163	0.0
5	6	11	-0.278711156099451	0.0
5	6	13	-2.3286378374409257e-14	0.0
5	6	14	0.12557370466711681	0.0
5	6	15	0.12557370466712514	0.0
5	6	16	-0.18919784682722726	0.0
5	6	17	0.1891978468272319	0.0
5	7	0	-0.1237178740575877	0.0
5	7	1	0.3138139132290873	0.0
5	7	6	0.34834884450747094	0.0
5	7	9	-0.11852422696591206	0.0
5	7	12	0.16562102903533427	0.0
5	7	13	0.04549479862638787	0.0
5	7	18	0.005043254448497198	0.0
5	7	19	-0.005043254448496381	0.0
5	8	0	0.12371787405758686	0.0
5	8	1	-0.3138139132290861	0.0
5	8	6	-0.3483488445074699	0.0
5	8	9	0.1185242269659117	0.0
5	8	12	-0.16562102903533357	0.0
5	8	13	-0.04549479862638751	0.0
5	8	15	-1.1205877120470126e-14	0.0
5	8	18	0.005043254448496568	0.0
5	8	19	-0.005043254448497425	0.0
5	9	2	0.07151721276814933	0.0
5	9	3	0.07151721276814886	0.0
5	9	4	-0.09830553773469199	0.0
5	9	5	0.09830553773469229	0.0
5	9	7	-0.11852422696591193	0.0
5	9	8	0.11852422696591156	0.0
5	9	10	0.1707660316125172	0.0
5	9	11	0.1707660316125165	0.0
5	9	13	3.525318211456477e-14	0.0
5	9	14	-0.17649154992065236	0.0
5	9	15	-0.1764915499206583	0.0
5	9	16	0.15190682935188213	0.0
5	9	17	-0.15190682935188882	0.0
5	10	0	0.09311495690752568	0.0
5	10	1	-0.25377927115019583	0.0
5	10	6	-0.2787111560994517	0.0
5	10	9	0.1707660316125174	0.0
5	10	12	-0.14240894032087076	0.0
5	10	13	-0.1146676745205812	0.0
5	10	15	-2.4431801093520007e-14	0.0
5	10	18	0.07303620427979896	0.0
5	10	19	-0.0730362042798012	0.0
5	11	0	0.09311495690752568	0.0
5	11	1	-0.253779271150196	0.0
5	11	6	-0.2787111560994511	0.0
5	11	9	0.17076603161251677	0.0
5	11	12	-0.14240894032086993	0.0
5	11	13	-0.11466767452058212	0.0
5	11	15	-2.4550397398667236e-14	0.0
5	11	18	-0.0730362042798047	0.0
5	11	19	0.07303620427980209	0.0
5	12	2	-0.05269525890685234	0.0
5	12	3	-0.052695258906852234	0.0
5	12	4	0.02682145277427123	0.0
5	12	5	-0.02682145277427146	0.0
5	12	7	0.16562102903533427	0.0
5	12	8	-0.16562102903533357	0.0
5	12	10	-0.14240894032087079	0.0
5	12	11	-0.1424089403208699	0.0
5	12	13	2.363925123793459e-14	0.0
5	12	14	-0.12979562085543048	0.0
5	12	15	-0.12979562085544183	0.0
5	12	16	0.257581066300178	0.0
5	12	17	-0.2575810663001833	0.0
5	13	1	2.6317106734039798e-14	0.0
5	13	2	-0.043751810071231946	0.0
5	13	3	-0.04375181007123343	0.0
5	13	4	-0.040241558888360285	0.0
5	13	5	0.04024155888836031	0.0
5	13	6	-2.3286378374409245e-14	0.0
5	13	7	0.045494798626387896	0.0
5	13	8	-0.045494798626387514	0.0
5	13	9	3.525318211456474e-14	0.0
5	13	10	-0.11466767452058126	0.0
5	13	11	-0.11466767452058223	0.0
5	13	12	2.3639251237934585e-14	0.0
5	13	13	6.414763263277836e-14	0.0
5	13	14	-0.15555343950918696	0.0
5	13	15	-0.1555534395091912	0.0
5	13	16	0.13576132285259293	0.0
5	13	17	-0.13576132285259876	0.0
5	13	18	-2.6693283429696798e-14	0.0
5	13	19	2.6356621693053468e-14	0.0
5	14	0	-0.023736919335019566	0.0
5	14	1	-0.13080023616386469	0.0
5	14	6	0.12557370466711668	0.0
5	14	9	-0.1764915499206524	0.0
5	14	12	-0.12979562085543048	0.0
5	14	13	-0.15555343950918699	0.0
5	14	15	-3.311491769875038e-14	0.0
5	14	18	-0.12624918635695284	0.0
5	14	19	0.12624918635694943	0.0
5	15	0	-0.023736919335017804	0.0
5	15	1	-0.13080023616386766	0.0
5	15	6	0.12557370466712517	0.0
5	15	8	-1.120587712047011e-14	0.0
5	15	9	-0.17649154992065832	0.0
5	15	10	-2.443180109352e-14	0.0
5	15	11	-2.4550397398667246e-14	0.0
5	15	12	-0.12979562085544197	0.0
5	15	13	-0.15555343950919126	0.0
5	15	14	-3.311491769875036e-14	0.0
5	15	15	-6.581980959589595e-14	0.0
5	15	16	2.6189654185126995e-14	0.0
5	15	17	-2.784968413454351e-14	0.0
5	15	18	0.12624918635694538	0.0
5	15	19	-0.12624918635694826	0.0
5	16	0	-0.035866572702797424	0.0
5	16	1	0.09538208887250284	0.0
5	16	6	-0.1891978468272273	0.0
5	16	9	0.1519068293518822	0.0
5	16	12	0.2575810663001781	0.0
5	16	13	0.1357613228525931	0.0
5	16	15	2.6189654185127037e-14	0.0
5	16	18	-0.0006453833620603414	0.0
5	16	19	0.0006453833620612197	0.0
5	17	0	0.035866572702796265	0.0
5	17	1	-0.09538208887250815	0.0
5	17	6	0.189197846827232	0.0
5	17	9	-0.15190682935188893	0.0
5	17	12	-0.25758106630018335	0.0
5	17	13	-0.13576132285259893	0.0
5	17	15	-2.7849684134543546e-14	0.0
5	17	18	-0.0006453833620654073	0.0
5	17	19	0.0006453833620645538	0.0
5	18	2	0.14475676101952167	0.0
5	18	3	-0.14475676101952972	0.0
5	18	4	0.007303508805657583	0.0
5	18	5	0.00730350880565731	0.0
5	18	7	0.00504325444849721	0.0
5	18	8	0.005043254448496569	0.0
5	18	10	0.07303620427979896	0.0
5	18	11	-0.07303620427980465	0.0
5	18	13	-2.6693283429696808e-14	0.0
5	18	14	-0.12624918635695281	0.0
5	18	15	0.12624918635694538	0.0
5	18	16	-0.0006453833620603535	0.0
5	18	17	-0.0006453833620654222	0.0
5	19	2	-0.14475676101952448	0.0
5	19	3	0.14475676101952628	0.0
5	19	4	-0.0073035088056571116	0.0
5	19	5	-0.007303508805657776	0.0
5	19	7	-0.005043254448496393	0.0
5	19	8	-0.005043254448497425	0.0
5	19	10	-0.07303620427980125	0.0
5	19	11	0.07303620427980204	0.0
5	19	13	2.635662169305348e-14	0.0
5	19	14	0.12624918635694943	0.0
5	19	15	-0.1262491863569483	0.0
5	19	16	0.0006453833620612336	0.0
5	19	17	0.0006453833620645696	0.0
6	0	18	-0.02430970350323514	0.0
6	0	19	-0.0243097035032351	0.0
6	1	18	0.0024868094120999457	0.0
6	1	19	0.0024868094120999444	0.0
6	2	2	0.03360107079643836	0.0
6	2	3	-0.03360107079643835	0.0
6	2	10	-0.010119393108567663	0.0
6	2	11	0.010119393108567637	0.0
6	2	14	0.0024846012699000337	0.0
6	2	15	-0.002484601269899945	0.0
6	3	2	-0.03360107079643835	0.0
6	3	3	0.033601070796438336	0.0
6	3	10	0.010119393108567668	0.0
6	3	11	-0.010119393108567642	0.0
6	3	14	-0.0024846012699000232	0.0
6	3	15	0.002484601269899937	0.0
6	4	4	0.03104554899997248	0.0
6	4	5	0.031045548999972476	0.0
6	4	7	-0.014727335022974684	0.0
6	4	8	-0.014727335022974639	0.0
6	4	16	-0.0020644212328596984	0.0
6	4	17	-0.002064421232859709	0.0
6	5	4	0.031045548999972482	0.0
6	5	5	0.03104554899997248	0.0
6	5	7	-0.014727335022974691	0.0
6	5	8	-0.014727335022974648	0.0
6	5	16	-0.0020644212328597006	0.0
6	5	17	-0.002064421232859712	0.0
6	6	18	0.0015283379953311372	0.0
6	6	19	0.0015283379953311312	0.0
6	7	4	-0.014727335022974696	0.0
6	7	5	-0.014727335022974707	0.0
6	7	7	-0.022514946653955096	0.0
6	7	8	-0.02251494665395507	0.0
6	7	16	-0.01351654427348057	0.0
6	7	17	-0.013516544273480566	0.0
6	8	4	-0.01472733502297465	0.0
6	8	5	-0.014727335022974656	0.0
6	8	7	-0.022514946653955075	0.0
6	8	8	-0.02251494665395505	0.0
6	8	16	-0.013516544273480553	0.0
6	8	17	-0.013516544273480546	0.0
6	9	18	-0.0008599922151808058	0.0
6	9	19	-0.0008599922151808047	0.0
6	10	2	-0.010119393108567661	0.0
6	10	3	0.010119393108567666	0.0
6	10	10	-0.020372104780308327	0.0
6	10	11	0.02037210478030831	0.0
6	10	14	-0.011604872649148485	0.0
6	10	15	0.011604872649148518	0.0
6	11	2	0.010119393108567637	0.0
6	11	3	-0.01011939310856764	0.0
6	11	10	0.020372104780308306	0.0
6	11	11	-0.020372104780308296	0.0
6	11	14	0.011604872649148465	0.0
6	11	15	-0.011604872649148494	0.0
6	12	18	0.00271788807265986	0.0
6	12	19	0.002717888072659856	0.0
6	13	18	0.009520949712520184	0.0
6	13	19	0.009520949712520163	0.0
6	14	2	0.002484601269900029	0.0
6	14	3	-0.002484601269900019	0.0
6	14	10	-0.011604872649148492	0.0
6	14	11	0.011604872649148472	0.0
6	14	14	0.008217888774382308	0.0
6	14	15	-0.008217888774382353	0.0
6	15	2	-0.002484601269899933	0.0
6	15	3	0.0024846012698999274	0.0
6	15	10	0.011604872649148522	0.0
6	15	11	-0.011604872649148498	0.0
6	15	14	-0.008217888774382351	0.0
6	15	15	0.008217888774382396	0.0
6	16	4	-0.0020644212328597067	0.0
6	16	5	-0.0020644212328597084	0.0
6	16	7	-0.01351654427348058	0.0
6	16	8	-0.01351654427348056	0.0
6	16	16	0.01535523989446709	0.0
6	16	17	0.015355239894467082	0.0
6	17	4	-0.0020644212328597175	0.0
6	17	5	-0.002064421232859719	0.0
6	17	7	-0.013516544273480572	0.0
6	17	8	-0.01351654427348055	0.0
6	17	16	0.015355239894467083	0.0
6	17	17	0.015355239894467071	0.0
6	18	0	-0.024309703503235153	0.0
6	18	1	0.0024868094120999496	0.0
6	18	6	0.0015283379953311346	0.0
6	18	9	-0.0008599922151808023	0.0
6	18	12	0.0027178880726598594	0.0
6	18	13	0.009520949712520179	0.0
6	19	0	-0.024309703503235105	0.0
6	19	1	0.0024868094120999496	0.0
6	19	6	0.0015283379953311307	0.0
6	19	9	-0.0008599922151808004	0.0
6	19	12	0.002717888072659857	0.0
6	19	13	0.009520949712520162	0.0
7	0	2	0.5489867867567941	0.0
7	0	3	-0.5489867867567952	0.0
7	0	4	0.4663107609043831	0.0
7	0	5	0.4663107609043834	0.0
7	0	7	0.12371787405758784	0.0
7	0	8	0.12371787405758776	0.0
7	0	10	0.09311495690752605	0.0
7	0	11	-0.09311495690752644	0.0
7	0	14	0.023736919335019875	0.0
7	0	15	-0.023736919335017884	0.0
7	0	16	-0.03586657270279749	0.0
7	0	17	-0.03586657270279647	0.0
7	1	2	0.243208621922905	0.0
7	1	3	-0.24320862192290524	0.0
7	1	4	0.3300897247630588	0.0
7	1	5	0.3300897247630588	0.0
7	1	7	-0.31381391322908675	0.0
7	1	8	-0.3138139132290856	0.0
7	1	10	-0.25377927115019533	0.0
7	1	11	0.253779271150195	0.0
7	1	13	2.5636014058313185e-14	0.0
7	1	14	0.13080023616386469	0.0
7	1	15	-0.13080023616386802	0.0
7	1	16	0.09538208887250317	0.0
7	1	17	0.095382088872508	0.0
7	2	0	0.5489867867567941	0.0
7	2	1	0.24320862192290538	0.0
7	2	6	0.04259468273001044	0.0
7	2	9	0.07151721276814904	0.0
7	2	12	-0.052695258906852005	0.0
7	2	13	-0.043751810071231974	0.0
7	2	18	-0.14475676101952178	0.0
7	2	19	-0.1447567610195244	0.0
7	3	0	-0.5489867867567956	0.0
7	3	1	-0.2432086219229056	0.0
7	3	6	-0.0425946827300102	0.0
7	3	9	-0.0715172127681489	0.0
7	3	12	0.052695258906852165	0.0
7	3	13	0.043751810071233486	0.0
7	3	18	-0.1447567610195296	0.0
7	3	19	-0.14475676101952648	0.0
7	4	0	0.4663107609043831	0.0
7	4	1	0.33008972476305903	0.0
7	4	6	-0.08169690555896662	0.0
7	4	9	0.0983055377346921	0.0
7	4	12	-0.02682145277427123	0.0
7	4	13	0.040241558888360465	0.0
7	4	18	0.007303508805657379	0.0
7	4	19	0.0073035088056570404	0.0
7	5	0	0.4663107609043835	0.0
7	5	1	0.33008972476305903	0.0
7	5	6	-0.0816969055589667	0.0
7	5	9	0.0983055377346923	0.0
7	5	12	-0.026821452774271518	0.0
7	5	13	0.04024155888836053	0.0
7	5	18	-0.007303508805657548	0.0
7	5	19	-0.007303508805657877	0.0
7	6	2	0.042594682730010346	0.0
7	6	3	-0.04259468273001009	0.0
7	6	4	-0.08169690555896678	0.0
7	6	5	-0.08169690555896683	0.0
7	6	7	-0.3483488445074706	0.0
7	6	8	-0.3483488445074699	0.0
7	6	10	-0.2787111560994513	0.0
7	6	11	0.2787111560994508	0.0
7	6	13	-2.5326500870940327e-14	0.0
7	6	14	-0.12557370466711676	0.0
7	6	15	0.1255737046671248	0.0
7	6	16	-0.18919784682722732	0.0
7	6	17	-0.1891978468272318	0.0
7	7	0	0.12371787405758772	0.0
7	7	1	-0.313813913229087	0.0
7	7	6	-0.34834884450747067	0.0
7	7	9	0.11852422696591196	0.0
7	7	12	-0.1656210290353341	0.0
7	7	13	-0.04549479862638763	0.0
7	7	18	0.005043254448497113	0.0
7	7	19	0.0050432544484965815	0.0
7	8	0	0.12371787405758762	0.0
7	8	1	-0.31381391322908603	0.0
7	8	6	-0.34834884450746995	0.0
7	8	9	0.11852422696591174	0.0
7	8	12	-0.16562102903533404	0.0
7	8	13	-0.04549479862638737	0.0
7	8	15	-1.1177291217572044e-14	0.0
7	8	18	-0.005043254448496968	0.0
7	8	19	-0.005043254448497502	0.0
7	9	2	0.07151721276814904	0.0
7	9	3	-0.07151721276814893	0.0
7	9	4	0.09830553773469204	0.0
7	9	5	0.09830553773469233	0.0
7	9	7	0.11852422696591197	0.0
7	9	8	0.11852422696591171	0.0
7	9	10	0.170766031612517	0.0
7	9	11	-0.17076603161251655	0.0
7	9	13	3.577943638371091e-14	0.0
7	9	14	0.1764915499206525	0.0
7	9	15	-0.1764915499206585	0.0
7	9	16	0.15190682935188196	0.0
7	9	17	0.15190682935188868	0.0
7	10	0	0.09311495690752586	0.0
7	10	1	-0.2537792711501956	0.0
7	10	6	-0.2787111560994513	0.0
7	10	9	0.1707660316125173	0.0
7	10	12	-0.14240894032087045	0.0
7	10	13	-0.11466767452058123	0.0
7	10	15	-2.457741791119841e-14	0.0
7	10	18	-0.07303620427979894	0.0
7	10	19	-0.07303620427980097	0.0
7	11	0	-0.09311495690752637	0.0
7	11	1	0.25377927115019533	0.0
7	11	6	0.2787111560994508	0.0
7	11	9	-0.17076603161251686	0.0
7	11	12	0.1424089403208697	0.0
7	11	13	0.11466767452058191	0.0
7	11	15	2.4473948330009684e-14	0.0
7	11	18	-0.07303620427980455	0.0
7	11	19	-0.07303620427980224	0.0
7	12	2	-0.05269525890685199	0.0
7	12	3	0.052695258906852095	0.0
7	12	4	-0.026821452774271365	0.0
7	12	5	-0.026821452774271604	0.0
7	12	7	-0.16562102903533424	0.0
7	12	8	-0.16562102903533416	0.0
7	12	10	-0.14240894032087048	0.0
7	12	11	0.14240894032086973	0.0
7	12	13	2.4171611850683224e-14	0.0
7	12	14	0.1297956208554304	0.0
7	12	15	-0.12979562085544163	0.0
7	12	16	0.2575810663001787	0.0
7	12	17	0.2575810663001831	0.0
7	13	1	2.563601405831318e-14	0.0
7	13	2	-0.043751810071232	0.0
7	13	3	0.04375181007123355	0.0
7	13	4	0.04024155888836034	0.0
7	13	5	0.040241558888360444	0.0
7	13	6	-2.532650087094033e-14	0.0
7	13	7	-0.045494798626387695	0.0
7	13	8	-0.04549479862638739	0.0
7	13	9	3.5779436383710976e-14	0.0
7	13	10	-0.11466767452058123	0.0
7	13	11	0.11466767452058192	0.0
7	13	12	2.4171611850683218e-14	0.0
7	13	13	6.207988656993756e-14	0.0
7	13	14	0.1555534395091869	0.0
7	13	15	-0.15555343950919137	0.0
7	13	16	0.13576132285259299	0.0
7	13	17	0.13576132285259862	0.0
7	13	18	2.7917769408963745e-14	0.0
7	13	19	2.7843474801608873e-14	0.0
7	14	0	0.023736919335019667	0.0
7	14	1	0.13080023616386463	0.0
7	14	6	-0.1255737046671167	0.0
7	14	9	0.1764915499206525	0.0
7	14	12	0.1297956208554304	0.0
7	14	13	0.1555534395091869	0.0
7	14	15	3.297818097978377e-14	0.0
7	14	18	-0.12624918635695306	0.0
7	14	19	-0.12624918635694976	0.0
7	15	0	-0.023736919335017773	0.0
7	15	1	-0.13080023616386796	0.0
7	15	6	0.12557370466712484	0.0
7	15	8	-1.1177291217572031e-14	0.0
7	15	9	-0.17649154992065852	0.0
7	15	10	-2.4577417911198394e-14	0.0
7	15	11	2.447394833000967e-14	0.0
7	15	12	-0.12979562085544166	0.0
7	15	13	-0.15555343950919143	0.0
7	15	14	3.297818097978378e-14	0.0
7	15	15	-6.587814632912461e-14	0.0
7	15	16	2.617244378942532e-14	0.0
7	15	17	2.9061740596852344e-14	0.0
7	15	18	-0.12624918635694535	0.0
7	15	19	-0.1262491863569482	0.0
7	16	0	-0.03586657270279749	0.0
7	16	1	0.095382088872503	0.0
7	16	6	-0.18919784682722743	0.0
7	16	9	0.15190682935188207	0.0
7	16	12	0.2575810663001787	0.0
7	16	13	0.13576132285259304	0.0
7	16	15	2.617244378942536e-14	0.0
7	16	18	0.0006453833620606623	0.0
7	16	19	0.0006453833620614003	0.0
7	17	0	-0.035866572702796466	0.0
7	17	1	0.09538208887250786	0.0
7	17	6	-0.18919784682723195	0.0
7	17	9	0.15190682935188882	0.0
7	17	12	0.25758106630018307	0.0
7	17	13	0.13576132285259873	0.0
7	17	15	2.9061740596852344e-14	0.0
7	17	18	-0.0006453833620653329	0.0
7	17	19	-0.000645383362064579	0.0
7	18	2	-0.14475676101952176	0.0
7	18	3	-0.14475676101952967	0.0
7	18	4	0.007303508805657347	0.0
7	18	5	-0.007303508805657518	0.0
7	18	7	0.0050432544484971	0.0
7	18	8	-0.005043254448496957	0.0
7	18	10	-0.07303620427979898	0.0
7	18	11	-0.07303620427980455	0.0
7	18	13	2.7917769408963757e-14	0.0
7	18	14	-0.12624918635695306	0.0
7	18	15	-0.12624918635694535	0.0
7	18	16	0.0006453833620606659	0.0
7	18	17	-0.0006453833620653247	0.0
7	19	2	-0.14475676101952445	0.0
7	19	3	-0.1447567610195265	0.0
7	19	4	0.007303508805657016	0.0
7	19	5	-0.007303508805657847	0.0
7	19	7	0.005043254448496566	0.0
7	19	8	-0.005043254448497494	0.0
7	19	10	-0.07303620427980102	0.0
7	19	11	-0.0730362042798022	0.0
7	19	13	2.784347480160887e-14	0.0
7	19	14	-0.12624918635694976	0.0
7	19	15	-0.12624918635694823	0.0
7	19	16	0.000645383362061402	0.0
7	19	17	-0.000645383362064576	0.0
8	0	0	0.5690590783093274	0.0
8	0	1	0.5713831109510037	0.0
8	0	6	0.32507453255561913	0.0
8	0	9	-0.07924825256362987	0.0
8	0	12	-0.11556144566933743	0.0
8	0	13	0.004160705701526835	0.0
8	1	0	0.571383110951004	0.0
8	1	1	0.34576366172046435	0.0
8	1	6	-0.15383415421655983	0.0
8	1	9	0.30944266515402047	0.0
8	1	12	0.008266167630836086	0.0
8	1	13	0.1813077086127511	0.0
8	1	15	3.8595160777590186e-14	0.0
8	2	2	0.2237644617408409	0.0
8	2	5	-0.00013593450701312876	0.0
8	2	8	0.0002615060921053576	0.0
8	2	10	0.12639921923649272	0.0
8	2	13	-3.65103195294793e-14	0.0
8	2	15	0.16884185490720904	0.0
8	2	16	0.000360695275945381	0.0
8	3	3	-0.22376446174084255	0.0
8	3	4	-0.00013593450701319317	0.0
8	3	7	0.0002615060921059599	0.0
8	3	11	-0.12639921923649436	0.0
8	3	14	-0.16884185490721043	0.0
8	3	17	0.00036069527593885566	0.0
8	4	3	-0.00013593450701317056	0.0
8	4	4	0.006583532159534479	0.0
8	4	7	-0.16031882513182943	0.0
8	4	11	0.00020488396792433443	0.0
8	4	14	-0.0003014286249366684	0.0
8	4	17	0.11472399959325726	0.0
8	5	2	-0.00013593450701310686	0.0
8	5	5	-0.006583532159534518	0.0
8	5	8	0.16031882513182888	0.0
8	5	10	0.00020488396792450508	0.0
8	5	15	-0.0003014286249321398	0.0
8	5	16	-0.11472399959325699	0.0
8	6	0	0.3250745325556188	0.0
8	6	1	-0.1538341542165603	0.0
8	6	6	-0.4353012275136234	0.0
8	6	9	0.3067537308282714	0.0
8	6	12	-0.17837410071763218	0.0
8	6	13	-0.10413573679443658	0.0
8	6	15	-2.2608078475301166e-14	0.0
8	7	3	0.00026150609210597264	0.0
8	7	4	-0.1603188251318293	0.0
8	7	7	-0.1727605456542873	0.0
8	7	11	-0.00040037760291453274	0.0
8	7	14	0.00035647038429004576	0.0
8	7	17	-0.03786790564705558	0.0
8	8	2	0.00026150609210536663	0.0
8	8	5	0.1603188251318287	0.0
8	8	8	0.17276054565428647	0.0
8	8	10	-0.0004003776029145981	0.0
8	8	15	0.0003564703842882174	0.0
8	8	16	0.037867905647055645	0.0
8	9	0	-0.07924825256362973	0.0
8	9	1	0.3094426651540206	0.0
8	9	6	0.3067537308282711	0.0
8	9	9	-0.14276391401607624	0.0
8	9	12	0.2668472770910297	0.0
8	9	13	0.1353907251816789	0.0
8	9	15	2.868692305026891e-14	0.0
8	10	2	0.12639921923649255	0.0
8	10	5	0.00020488396792447857	0.0
8	10	8	-0.0004003776029146163	0.0
8	10	10	0.0652314263691615	0.0
8	10	13	-2.3783114876488728e-14	0.0
8	10	15	0.10611361503699619	0.0
8	10	16	-0.0004306035634215044	0.0
8	11	3	-0.12639921923649436	0.0
8	11	4	0.00020488396792432267	0.0
8	11	7	-0.00040037760291455085	0.0
8	11	11	-0.0652314263691631	0.0
8	11	14	-0.10611361503699832	0.0
8	11	17	-0.00043060356342573575	0.0
8	12	0	-0.11556144566933743	0.0
8	12	1	0.008266167630836001	0.0
8	12	6	-0.17837410071763224	0.0
8	12	9	0.2668472770910301	0.0
8	12	12	0.20781697600493743	0.0
8	12	13	0.32012017665727854	0.0
8	12	15	6.828017471246519e-14	0.0
8	13	0	0.004160705701526791	0.0
8	13	1	0.181307708612751	0.0
8	13	2	-3.651031952947928e-14	0.0
8	13	6	-0.10413573679443658	0.0
8	13	9	0.13539072518167883	0.0
8	13	10	-2.3783114876488712e-14	0.0
8	13	12	0.3201201766572785	0.0
8	13	13	0.173417426546105	0.0
8	13	15	1.0478107152138234e-14	0.0
8	14	3	-0.16884185490721057	0.0
8	14	4	-0.00030142862493668965	0.0
8	14	7	0.0003564703842900369	0.0
8	14	11	-0.1061136150369982	0.0
8	14	14	-0.12350469332420558	0.0
8	14	17	0.0001924837338823862	0.0
8	15	1	3.8595160777590135e-14	0.0
8	15	2	0.16884185490720915	0.0
8	15	5	-0.00030142862493216837	0.0
8	15	6	-2.2608078475301137e-14	0.0
8	15	8	0.0003564703842881961	0.0
8	15	9	2.8686923050268906e-14	0.0
8	15	10	0.10611361503699625	0.0
8	15	12	6.828017471246516e-14	0.0
8	15	13	1.0478107152138207e-14	0.0
8	15	15	0.12350469332420325	0.0
8	15	16	0.00019248373389310354	0.0
8	16	2	0.0003606952759453949	0.0
8	16	5	-0.11472399959325703	0.0
8	16	8	0.037867905647055694	0.0
8	16	10	-0.0004306035634215126	0.0
8	16	15	0.00019248373389310391	0.0
8	16	16	-0.15258068504626532	0.0
8	17	3	0.0003606952759388677	0.0
8	17	4	0.11472399959325734	0.0
8	17	7	-0.03786790564705557	0.0
8	17	11	-0.00043060356342573564	0.0
8	17	14	0.00019248373388238397	0.0
8	17	17	0.1525806850462655	0.0
8	18	18	-0.06715988509594974	0.0
8	19	19	0.06715988509594964	0.0
