0	0	0	0.5692506565683889	-1.671935543156722e-15
0	0	1	-0.5710337339692121	-1.7575773966274306e-16
0	0	6	-0.32441402189899526	-2.6194339765936845e-15
0	0	9	0.07348148850057414	1.18045801316588e-15
0	0	12	0.11982947804848723	1.285198543611266e-15
0	0	15	-0.006206693140569722	-1.0214371826158085e-16
0	0	19	-0.0010109746386766177	5.049322712572836e-16
0	0	23	0.00015367376008038785	-1.2776327425875657e-16
0	1	0	-0.5710337339692122	-1.757577396627438e-16
0	1	1	0.3448623695305202	2.603114809991348e-16
0	1	6	-0.1552277456914701	7.351551668106024e-17
0	1	9	0.31052364465571575	2.2443435006166737e-15
0	1	12	0.02012575026996846	-1.791402388680799e-15
0	1	15	0.18152349378015234	1.3008153531638171e-15
0	1	19	-0.0026033275542114505	-4.784068574895906e-17
0	1	23	0.00024452556970476724	-3.745518004141903e-18
0	2	2	0.2279603914050922	-3.7151681058977534e-16
0	2	4	0.00013682828929864217	-1.007346224281931e-16
0	2	8	-0.00026054073418363877	2.1846721668896082e-16
0	2	10	0.1345350143809016	-1.765674955632215e-15
0	2	13	0.17561854288968456	-1.5070672091907999e-15
0	2	17	-0.00035740175261839125	-1.7763621346407525e-16
0	2	20	0.17952777303935236	9.758608547971281e-16
0	3	3	-0.22594604755930034	4.168084964975182e-16
0	3	5	0.00013663060511775064	-1.4642050862501692e-16
0	3	7	-0.00026063400118707234	-2.0706766222583303e-16
0	3	11	-0.13109557805835897	1.6377807561442966e-15
0	3	14	-0.17190388582968058	1.5808547725673884e-15
0	3	16	-0.0003578226574485911	-4.758013950874115e-16
0	3	21	-0.1780209898506241	-7.979085185207948e-16
0	4	2	0.00013682828929865691	-1.0073462242819319e-16
0	4	4	-0.006648553908331284	-4.812907502622096e-16
0	4	8	0.16006923446737784	5.860179407394162e-17
0	4	10	-0.00020924113732233835	-8.896533191901167e-17
0	4	13	0.0002839366876579096	2.3311467742313767e-17
0	4	17	-0.11418257647449398	1.0762373891860739e-16
0	4	20	-0.00020723268738846796	-3.8079310106306373e-17
0	5	3	0.00013663060511778373	-1.4642050862501705e-16
0	5	5	0.006648775178133804	4.873767924463149e-16
0	5	7	-0.16007031200003616	-1.0193557172783956e-16
0	5	11	-0.00020756180025646132	-3.588462152612416e-17
0	5	14	0.00029118234541678314	-3.8972638626061613e-16
0	5	16	0.11418352519917832	-2.3240570248954907e-16
0	5	21	-0.0002142966268825317	-8.391736413407391e-17
0	6	0	-0.32441402189899504	-2.619433976593687e-15
0	6	1	-0.15522774569147044	7.351551668106422e-17
0	6	6	-0.4360228620939954	-8.27794590319731e-17
0	6	9	0.3137721438585899	6.000244404101371e-16
0	6	12	-0.1669487230238852	-3.1420905071433635e-15
0	6	15	-0.10358924082828418	-2.2736568409965393e-15
0	6	19	0.002384081372657818	1.2891901238595772e-16
0	6	23	-0.0002990163737481197	-1.448164801546741e-17
0	7	3	-0.00026063400118704426	-2.0706766222583317e-16
0	7	5	-0.16007031200003605	-1.0193557172783849e-16
0	7	7	-0.17220310689521257	3.3414818331777177e-16
0	7	11	0.0003995066258502913	-8.885959360504001e-17
0	7	14	-0.00033515073217126794	-9.670101433351376e-17
0	7	16	-0.03908995419182845	-1.294731532339385e-15
0	7	21	0.00015541894168387012	-4.5785998580326884e-17
0	8	2	-0.0002605407341836046	2.1846721668896033e-16
0	8	4	0.16006923446737797	5.860179407394053e-17
0	8	8	0.1722008568511849	-2.893975870398927e-17
0	8	10	0.00040012213598843236	8.122875288313495e-18
0	8	13	-0.00032151533362401115	6.430699500850832e-17
0	8	17	0.03908878540372854	1.0127363770538704e-15
0	8	20	0.00014470743219860812	4.0925045125459383e-17
0	9	0	0.07348148850057395	1.180458013165879e-15
0	9	1	0.31052364465571625	2.244343500616671e-15
0	9	6	0.31377214385858965	6.000244404101349e-16
0	9	9	-0.1655674493777027	2.0937210877122665e-15
0	9	12	0.2549029170517899	2.9075147471403494e-15
0	9	15	0.11945223447420468	3.285126382329301e-15
0	9	19	-0.0025389446935197933	-1.4084538011881528e-16
0	9	23	-0.00021004711856950788	-2.766285042838386e-17
0	10	2	0.13453501438090157	-1.7656749556322139e-15
0	10	4	-0.0002092411373223474	-8.896533191901158e-17
0	10	8	0.0004001221359884053	8.122875288314073e-18
0	10	10	0.07035086776287267	-2.0620564794756135e-15
0	10	13	0.11913781838518786	-3.0585132255469676e-15
0	10	17	0.00042554348877191684	-1.0249212539488209e-16
0	10	20	0.13514700290509443	-7.273148236367281e-16
0	11	3	-0.131095578058359	1.6377807561442968e-15
0	11	5	-0.000207561800256484	-3.588462152612411e-17
0	11	7	0.00039950662585025974	-8.885959360504e-17
0	11	11	-0.06779010798697564	1.8878419682927452e-15
0	11	14	-0.11358396559822023	2.8559848677749108e-15
0	11	16	0.0004253361216190487	-2.9549254759009085e-16
0	11	21	-0.13353637749603678	8.167592143068457e-16
0	12	0	0.11982947804848731	1.2851985436112663e-15
0	12	1	0.020125750269968528	-1.7914023886807984e-15
0	12	6	-0.16694872302388566	-3.1420905071433694e-15
0	12	9	0.2549029170517902	2.9075147471403576e-15
0	12	12	0.2230961626340105	-2.1234871989411682e-15
0	12	15	0.32646689368568627	8.598876988249357e-16
0	12	19	-0.005526720507616387	5.871768553478179e-16
0	12	23	-0.0002718749529665072	-5.979956942240787e-17
0	13	2	0.17561854288968465	-1.5070672091908006e-15
0	13	4	0.0002839366876579069	2.3311467742314023e-17
0	13	8	-0.0003215153336240509	6.430699500850909e-17
0	13	10	0.119137818385188	-3.0585132255469692e-15
0	13	13	0.15470228731191785	-6.6896671649223976e-15
0	13	17	-0.00015944729451488203	-7.324636627251079e-20
0	13	20	0.16710525205626584	-1.8034980893428506e-15
0	14	3	-0.17190388582968058	1.5808547725673866e-15
0	14	5	0.00029118234541675154	-3.897263862606158e-16
0	14	7	-0.0003351507321712997	-9.670101433351323e-17
0	14	11	-0.11358396559822014	2.855984867774907e-15
0	14	14	-0.14005494333204987	6.242376761695472e-15
0	14	16	-0.00016948190756260664	-6.955891515919395e-16
0	14	21	-0.15882595978465736	1.7842149190215807e-15
0	15	0	-0.006206693140569789	-1.0214371826158262e-16
0	15	1	0.18152349378015234	1.300815353163817e-15
0	15	6	-0.10358924082828437	-2.273656840996543e-15
0	15	9	0.11945223447420485	3.2851263823293067e-15
0	15	12	0.3264668936856862	8.598876988249344e-16
0	15	15	0.17238572586328363	1.1637265170048662e-15
0	15	19	-0.0012349262384114248	1.8352127597298382e-16
0	15	23	0.00018086437936941783	-1.078205678376839e-16
0	16	3	-0.0003578226574486046	-4.758013950874112e-16
0	16	5	0.1141835251991784	-2.324057024895495e-16
0	16	7	-0.03908995419182856	-1.2947315323393867e-15
0	16	11	0.0004253361216190321	-2.9549254759009016e-16
0	16	14	-0.0001694819075626319	-6.955891515919398e-16
0	16	16	0.15339420434698417	1.611835158960696e-16
0	16	21	0.00013637059334781573	-4.695367824321737e-16
0	17	2	-0.0003574017526184187	-1.776362134640752e-16
0	17	4	-0.11418257647449398	1.0762373891860767e-16
0	17	8	0.039088785403728704	1.0127363770538728e-15
0	17	10	0.0004255434887719181	-1.0249212539488188e-16
0	17	13	-0.0001594472945149012	-7.324636627168115e-20
0	17	17	-0.15338942500360045	-2.2195425197760971e-16
0	17	20	0.00012593283517841749	-3.2544995979841346e-17
0	18	18	-0.0702850119260845	3.6187486102717935e-16
0	18	22	0.0005872918927347987	-4.792575332758819e-17
0	19	0	-0.0010109746386765932	5.049322712572833e-16
0	19	1	-0.0026033275542114557	-4.7840685748958753e-17
0	19	6	0.0023840813726578296	1.289190123859572e-16
0	19	9	-0.0025389446935197946	-1.4084538011881518e-16
0	19	12	-0.005526720507616382	5.87176855347817e-16
0	19	15	-0.0012349262384114131	1.8352127597298354e-16
0	19	19	0.07017934258502682	-3.779433400197844e-16
0	19	23	6.75507402512574e-05	-2.5121603299684166e-17
0	20	2	0.1795277730393521	9.75860854797126e-16
0	20	4	-0.00020723268738847804	-3.807931010630628e-17
0	20	8	0.0001447074321985842	4.0925045125459414e-17
0	20	10	0.1351470029050945	-7.273148236367288e-16
0	20	13	0.16710525205626575	-1.8034980893428522e-15
0	20	17	0.00012593283517842635	-3.254499597984147e-17
0	20	20	0.1433501108255745	2.257034524948505e-15
0	21	3	-0.1780209898506241	-7.979085185207943e-16
0	21	5	-0.00021429662688256243	-8.391736413407411e-17
0	21	7	0.00015541894168384347	-4.5785998580327076e-17
0	21	11	-0.13353637749603672	8.167592143068462e-16
0	21	14	-0.1588259597846574	1.7842149190215807e-15
0	21	16	0.00013637059334782156	-4.695367824321733e-16
0	21	21	-0.1432691598676007	-1.962907714135583e-15
0	22	18	0.000587291892734794	-4.792575332758821e-17
0	22	22	-0.06717141814709375	3.8703131707879877e-16
0	23	0	0.00015367376008036592	-1.2776327425875664e-16
0	23	1	0.00024452556970478627	-3.745518004141739e-18
0	23	6	-0.00029901637374812114	-1.4481648015467254e-17
0	23	9	-0.0002100471185695016	-2.7662850428383775e-17
0	23	12	-0.00027187495296650526	-5.979956942240775e-17
0	23	15	0.0001808643793694183	-1.078205678376838e-16
0	23	19	6.755074025126559e-05	-2.51216032996843e-17
0	23	23	-0.0188675076068815	-5.745501052294886e-17
1	0	2	0.5488623977318551	-8.391393856049379e-16
1	0	3	-0.5488483037073849	-1.7853434840974757e-16
1	0	4	-0.46610905785187834	-9.73234135912656e-16
1	0	5	-0.466107913468446	-4.27290553669178e-16
1	0	7	-0.12349678862918383	-1.0189742957751147e-15
1	0	8	-0.12349694548788628	-1.143604663134977e-15
1	0	10	0.09393028181354796	7.147451535718213e-16
1	0	11	-0.09351747727095278	-3.63703398979224e-16
1	0	13	-0.03136824417034341	6.585152791972253e-16
1	0	14	0.02813758143929569	-7.674563452498639e-16
1	0	16	0.03605030113310082	3.1113816503936216e-17
1	0	17	0.03604942339685004	2.446588651154652e-16
1	0	20	0.009992608744705075	5.326252227861083e-16
1	0	21	-0.010366867701579446	-3.7943850455376824e-16
1	1	2	-0.2415732761307179	4.805069185413308e-16
1	1	3	0.242079324632204	7.00082871721929e-17
1	1	4	0.3299341401913374	5.008069842596861e-16
1	1	5	0.3299337539498019	1.1257643708834462e-16
1	1	7	-0.3143142785059733	-1.6122882696895605e-15
1	1	8	-0.31431483785177555	-1.151004528545963e-15
1	1	10	0.2527684548200925	1.8826211413906722e-15
1	1	11	-0.25342245737066244	-1.2752559017435696e-15
1	1	13	0.1323157450567331	8.464983743093659e-16
1	1	14	-0.1321430218632029	-1.0854969622351432e-15
1	1	16	0.09544972172777358	-1.7830040066084023e-16
1	1	17	0.09545002178926659	5.095934940989189e-16
1	1	20	-0.05588663799166264	1.5917143102071275e-15
1	1	21	0.05276563177943761	-1.7321327444668828e-15
1	2	0	0.5488623977318557	-8.391393856049379e-16
1	2	1	-0.24157327613071808	4.80506918541331e-16
1	2	6	-0.0434992645768433	-1.3923812295812489e-15
1	2	9	-0.07346931176406657	-1.9494442044214886e-16
1	2	12	0.05097114612331123	1.2818919058778711e-15
1	2	15	0.04848903998255132	-5.493924980636573e-16
1	2	18	-0.16027693968366025	6.68927066339613e-16
1	2	19	0.15023061748628136	4.4284472269442135e-17
1	2	22	0.12135467834274352	2.320082488436007e-16
1	2	23	-0.17470009746598095	3.107286616867652e-16
1	3	0	-0.5488483037073851	-1.7853434840974775e-16
1	3	1	0.242079324632204	7.000828717219304e-17
1	3	6	0.043282311755990004	1.4245014790425387e-15
1	3	9	0.07378971346298194	3.198713849548814e-16
1	3	12	-0.05094315954148536	-1.2867132706696025e-15
1	3	15	-0.04369977472374593	3.6032739875894066e-16
1	3	18	-0.13687223078521377	-2.7995897717319643e-16
1	3	19	0.14769566509697749	-6.106447796064204e-16
1	3	22	-0.1438055406233287	2.9833005909866966e-16
1	3	23	0.026610202223985153	1.1456629816747638e-15
1	4	0	-0.4661090578518783	-9.732341359126567e-16
1	4	1	0.3299341401913373	5.008069842596862e-16
1	4	6	-0.08192982831572893	3.9096311179251663e-16
1	4	9	0.0996835484802469	8.652208356979566e-16
1	4	12	-0.023024175614574344	-1.2119484489490633e-15
1	4	15	0.040769835321144365	-3.543543947899441e-16
1	4	18	0.006545064329680782	-1.1501155683660334e-16
1	4	19	-0.006157683152416954	-3.053204580894142e-16
1	4	22	0.00069816679267785	-6.909600493571354e-17
1	4	23	1.1131306820941144e-06	4.534622902187517e-18
1	5	0	-0.466107913468446	-4.2729055366917857e-16
1	5	1	0.32993375394980184	1.1257643708834494e-16
1	5	6	-0.08193102581868751	2.747530935712462e-16
1	5	9	0.09968701967489159	7.931636592767109e-16
1	5	12	-0.023015859072195954	-1.0699206233613114e-15
1	5	15	0.04089022307034147	-3.532573680378781e-16
1	5	18	-0.006544462509070889	-3.753228052666357e-16
1	5	19	0.0069895517695768225	7.386243484560055e-18
1	5	22	-0.0007073085602940036	-2.814529842286624e-16
1	5	23	1.0438760387995375e-06	6.172168477966971e-17
1	6	2	-0.04349926457684308	-1.3923812295812497e-15
1	6	3	0.04328231175598981	1.4245014790425387e-15
1	6	4	-0.08192982831572909	3.9096311179251885e-16
1	6	5	-0.08193102581868762	2.7475309357124916e-16
1	6	7	-0.34879142939589997	-6.212977422583599e-16
1	6	8	-0.34878946671336764	-5.110019335414333e-16
1	6	10	0.2750432666673864	1.993175663405257e-15
1	6	11	-0.27671092144406534	-1.241492731814179e-15
1	6	13	-0.11744781497742839	-3.3051878528891944e-15
1	6	14	0.12171699429032289	3.748055538055492e-15
1	6	16	-0.19011939513319306	-2.157609902846196e-15
1	6	17	-0.19011894462321047	-2.0130457631332153e-15
1	6	20	-0.10483206556014328	1.9109059955154303e-15
1	6	21	0.10138321896356749	-1.1945264056084697e-15
1	7	0	-0.12349678862918363	-1.0189742957751153e-15
1	7	1	-0.3143142785059733	-1.6122882696895571e-15
1	7	6	-0.3487914293958999	-6.212977422583594e-16
1	7	9	0.12550629671012808	-2.4869121777365894e-16
1	7	12	-0.1613079220550496	-1.4934863251931492e-15
1	7	15	-0.04481003858446409	-1.5306855904572982e-15
1	7	18	-0.004314287031952704	-2.0893409465496888e-16
1	7	19	0.0057762124500059355	3.556217729128794e-16
1	7	22	-0.000518332005301891	-2.739257871845293e-16
1	7	23	-2.8502457144904483e-08	3.062366021598172e-17
1	8	0	-0.12349694548788609	-1.1436046631349767e-15
1	8	1	-0.31431483785177544	-1.15100452854596e-15
1	8	6	-0.3487894667133676	-5.110019335414326e-16
1	8	9	0.12550857080755132	-2.4761427575042466e-16
1	8	12	-0.16130206397847072	-1.3761571298567803e-15
1	8	15	-0.044871533368944325	-1.2444354388653023e-15
1	8	18	0.004314620341468215	6.709053198851702e-18
1	8	19	-0.002895889167634539	-1.642057052041518e-17
1	8	22	0.0005123181185147246	1.8215655301954142e-16
1	8	23	1.0641384665578658e-08	-1.899013531580572e-16
1	9	2	-0.07346931176406658	-1.9494442044214854e-16
1	9	3	0.07378971346298203	3.198713849548807e-16
1	9	4	0.09968354848024694	8.652208356979558e-16
1	9	5	0.09968701967489169	7.93163659276709e-16
1	9	7	0.125506296710128	-2.4869121777365997e-16
1	9	8	0.12550857080755154	-2.47614275750426e-16
1	9	10	-0.17516787158995945	-7.416058393265158e-16
1	9	11	0.17605105825833206	2.372179931887056e-16
1	9	13	0.1613405080399998	3.593408220821993e-15
1	9	14	-0.16551930946725593	-3.9763736439801e-15
1	9	16	0.14177636589928358	1.846567019597156e-15
1	9	17	0.14177383837710106	2.056359562654572e-15
1	9	20	0.09906432821693263	-2.0195510191536407e-15
1	9	21	-0.09713150995753603	1.44403907338881e-15
1	10	0	0.09393028181354786	7.147451535718193e-16
1	10	1	0.25276845482009247	1.8826211413906707e-15
1	10	6	0.2750432666673864	1.993175663405256e-15
1	10	9	-0.17516787158995936	-7.416058393265169e-16
1	10	12	0.13193504455564323	2.5213776315582093e-15
1	10	15	0.11574271972617466	7.414014285859424e-16
1	10	18	-0.08210959539857174	1.1401976148418224e-15
1	10	19	0.07471166804911684	-1.0708222552491344e-15
1	10	22	0.07673684770395166	-5.112029790710202e-16
1	10	23	-0.1282608082160032	1.6362805766037167e-15
1	11	0	-0.09351747727095275	-3.637033989792227e-16
1	11	1	-0.2534224573706625	-1.2752559017435698e-15
1	11	6	-0.2767109214440654	-1.2414927318141788e-15
1	11	9	0.1760510582583321	2.372179931887062e-16
1	11	12	-0.133403372635621	-1.8009942507512545e-15
1	11	15	-0.11374332174012022	-5.666011433059515e-16
1	11	18	-0.067481282556372	4.86027506713022e-16
1	11	19	0.07526384060696666	-6.564143775607989e-16
1	11	22	-0.0877229114526441	9.988355393569978e-16
1	11	23	0.019448137933158832	4.587438058479482e-16
1	12	2	0.0509711461233112	1.2818919058778701e-15
1	12	3	-0.050943159541485414	-1.2867132706696038e-15
1	12	4	-0.023024175614574465	-1.2119484489490649e-15
1	12	5	-0.023015859072196044	-1.0699206233613128e-15
1	12	7	-0.16130792205504982	-1.4934863251931534e-15
1	12	8	-0.1613020639784711	-1.376157129856785e-15
1	12	10	0.1319350445556435	2.5213776315582152e-15
1	12	11	-0.13340337263562113	-1.800994250751259e-15
1	12	13	0.12225988659182468	2.9506645907162057e-15
1	12	14	-0.1301213627455899	-3.2214370484077413e-15
1	12	16	0.2634253137320043	-6.661547359461257e-16
1	12	17	0.26341931545154795	2.5881336588391667e-16
1	12	20	-0.11960913030229074	-5.749681908025359e-16
1	12	21	0.11850119183196445	1.5889947131862262e-16
1	13	0	-0.03136824417034331	6.585152791972228e-16
1	13	1	0.13231574505673294	8.464983743093651e-16
1	13	6	-0.11744781497742841	-3.3051878528892022e-15
1	13	9	0.16134050803999986	3.593408220821998e-15
1	13	12	0.12225988659182473	2.950664590716202e-15
1	13	15	0.15688563633025496	3.775913517669378e-16
1	13	18	-0.15211104917359514	2.7828737894006534e-15
1	13	19	0.14114326098683158	-2.369863405458419e-15
1	13	22	0.12559130304534036	-2.1357711295818956e-15
1	13	23	-0.1536985452453651	2.925968687307651e-15
1	14	0	0.02813758143929566	-7.674563452498623e-16
1	14	1	-0.13214302186320284	-1.0854969622351436e-15
1	14	6	0.12171699429032279	3.748055538055497e-15
1	14	9	-0.1655193094672559	-3.976373643980104e-15
1	14	12	-0.13012136274558994	-3.221437048407738e-15
1	14	15	-0.15461298429530917	-9.680573449997889e-16
1	14	18	-0.12445156586422183	1.8051299253119983e-15
1	14	19	0.13586349951875953	-2.4267153947383993e-15
1	14	22	-0.14150776503345325	2.86009298274232e-15
1	14	23	0.022257104270575676	6.224776754317396e-16
1	15	2	0.04848903998255126	-5.493924980636578e-16
1	15	3	-0.04369977472374597	3.6032739875894036e-16
1	15	4	0.040769835321144365	-3.543543947899439e-16
1	15	5	0.04089022307034146	-3.5325736803787803e-16
1	15	7	-0.04481003858446421	-1.5306855904572995e-15
1	15	8	-0.04487153336894449	-1.2444354388653044e-15
1	15	10	0.11574271972617478	7.414014285859467e-16
1	15	11	-0.11374332174012029	-5.66601143305955e-16
1	15	13	0.156885636330255	3.7759135176693645e-16
1	15	14	-0.15461298429530934	-9.68057344999787e-16
1	15	16	0.13667625796710825	6.066916811625692e-16
1	15	17	0.13669162739974366	1.1280140752814123e-15
1	15	20	0.0030913548572068187	-7.891631495833272e-16
1	15	21	-0.0008693653792258582	4.865118543138805e-16
1	16	0	0.036050301133100794	3.111381650393339e-17
1	16	1	0.0954497217277736	-1.783004006608388e-16
1	16	6	-0.19011939513319318	-2.1576099028461995e-15
1	16	9	0.14177636589928366	1.8465670195971588e-15
1	16	12	0.263425313732004	-6.661547359461265e-16
1	16	15	0.13667625796710833	6.066916811625701e-16
1	16	18	0.0006343703149055277	-3.548117512263644e-16
1	16	19	-0.0025102191689645183	7.474323533987054e-16
1	16	22	4.819040962098849e-05	-2.7566067251774627e-16
1	16	23	-9.333014048908684e-07	-1.063090885574059e-16
1	17	0	0.03604942339685001	2.4465886511546313e-16
1	17	1	0.09545002178926655	5.095934940989186e-16
1	17	6	-0.1901189446232107	-2.013045763133218e-15
1	17	9	0.141773838377101	2.0563595626545767e-15
1	17	12	0.2634193154515481	2.58813365883916e-16
1	17	15	0.13669162739974364	1.1280140752814141e-15
1	17	18	-0.00063444329346024	1.4614095147321383e-17
1	17	19	-0.0012377135048508767	4.3456184609143414e-16
1	17	22	-4.7794962422266316e-05	-1.8760255043587066e-16
1	17	23	-1.0544142598937815e-06	1.220401474368561e-17
1	18	2	-0.16027693968366005	6.689270663396129e-16
1	18	3	-0.13687223078521377	-2.799589771731966e-16
1	18	4	0.0065450643296807815	-1.1501155683660344e-16
1	18	5	-0.0065444625090709165	-3.7532280526663577e-16
1	18	7	-0.004314287031952707	-2.0893409465496888e-16
1	18	8	0.004314620341468228	6.7090531988512936e-18
1	18	10	-0.0821095953985717	1.1401976148418224e-15
1	18	11	-0.06748128255637192	4.860275067130219e-16
1	18	13	-0.15211104917359497	2.782873789400649e-15
1	18	14	-0.12445156586422189	1.805129925311998e-15
1	18	16	0.0006343703149055339	-3.5481175122636437e-16
1	18	17	-0.0006344432934602537	1.4614095147321553e-17
1	18	20	-0.11108271140356311	-3.7093425028900493e-16
1	18	21	-0.09353349442785851	-7.021195167300352e-16
1	19	2	0.15023061748628133	4.4284472269441427e-17
1	19	3	0.14769566509697735	-6.1064477960642e-16
1	19	4	-0.006157683152416975	-3.0532045808941425e-16
1	19	5	0.006989551769576836	7.386243484559981e-18
1	19	7	0.005776212450005946	3.5562177291287898e-16
1	19	8	-0.0028958891676345465	-1.6420570520414987e-17
1	19	10	0.07471166804911689	-1.070822255249134e-15
1	19	11	0.07526384060696666	-6.564143775607982e-16
1	19	13	0.14114326098683158	-2.3698634054584173e-15
1	19	14	0.1358634995187595	-2.4267153947383997e-15
1	19	16	-0.0025102191689645196	7.47432353398705e-16
1	19	17	-0.0012377135048508563	4.345618460914337e-16
1	19	20	0.10505371367662797	4.7263098975786375e-16
1	19	21	0.1001577680294118	4.631493735614289e-16
1	20	0	0.009992608744705266	5.326252227861074e-16
1	20	1	-0.055886637991662734	1.5917143102071282e-15
1	20	6	-0.10483206556014331	1.9109059955154295e-15
1	20	9	0.09906432821693271	-2.0195510191536407e-15
1	20	12	-0.11960913030229058	-5.749681908025354e-16
1	20	15	0.0030913548572069176	-7.891631495833257e-16
1	20	18	-0.1110827114035631	-3.709342502890045e-16
1	20	19	0.10505371367662796	4.726309897578632e-16
1	20	22	0.09463822895627182	8.809109711247559e-16
1	20	23	-0.17451767663251144	-7.181742417050457e-16
1	21	0	-0.010366867701579649	-3.794385045537677e-16
1	21	1	0.05276563177943767	-1.7321327444668796e-15
1	21	6	0.10138321896356746	-1.1945264056084687e-15
1	21	9	-0.09713150995753603	1.444039073388809e-15
1	21	12	0.11850119183196432	1.5889947131862237e-16
1	21	15	-0.0008693653792259386	4.865118543138801e-16
1	21	18	-0.09353349442785859	-7.021195167300363e-16
1	21	19	0.10015776802941187	4.631493735614288e-16
1	21	22	-0.11057612264319444	-3.446351549687996e-16
1	21	23	0.026351428579640932	1.0732968167482734e-15
1	22	2	0.12135467834274351	2.320082488436002e-16
1	22	3	-0.14380554062332881	2.9833005909866976e-16
1	22	4	0.0006981667926778379	-6.909600493571356e-17
1	22	5	-0.0007073085602940393	-2.814529842286622e-16
1	22	7	-0.0005183320053019194	-2.739257871845293e-16
1	22	8	0.0005123181185147085	1.8215655301954147e-16
1	22	10	0.07673684770395162	-5.112029790710205e-16
1	22	11	-0.08772291145264403	9.988355393569978e-16
1	22	13	0.1255913030453403	-2.135771129581894e-15
1	22	14	-0.1415077650334534	2.8600929827423217e-15
1	22	16	4.819040962100797e-05	-2.756606725177468e-16
1	22	17	-4.7794962422250595e-05	-1.8760255043587088e-16
1	22	20	0.0946382289562718	8.809109711247569e-16
1	22	21	-0.11057612264319437	-3.4463515496879986e-16
1	23	2	-0.17470009746598097	3.107286616867656e-16
1	23	3	0.026610202223985188	1.145662981674764e-15
1	23	4	1.1131306821097879e-06	4.534622902187471e-18
1	23	5	1.043876038827616e-06	6.17216847796699e-17
1	23	7	-2.8502457132705862e-08	3.062366021598185e-17
1	23	8	1.064138468961082e-08	-1.899013531580575e-16
1	23	10	-0.12826080821600325	1.6362805766037167e-15
1	23	11	0.019448137933158804	4.587438058479479e-16
1	23	13	-0.153698545245365	2.9259686873076524e-15
1	23	14	0.02225710427057568	6.224776754317405e-16
1	23	16	-9.333014048989903e-07	-1.0630908855740562e-16
1	23	17	-1.0544142599048029e-06	1.2204014743685886e-17
1	23	20	-0.17451767663251147	-7.181742417050464e-16
1	23	21	0.02635142857964092	1.0732968167482732e-15
2	0	0	2.2386747541035646e-05	-9.495749432228372e-18
2	0	1	3.660192755175243e-06	3.797813933984954e-18
2	0	6	-6.219350499464208e-06	1.9148515628960374e-17
2	0	9	5.209523859816167e-07	-2.521325640403395e-18
2	0	12	-4.04954489149213e-06	4.3379409549962294e-18
2	0	15	0.0003078757369890884	-2.1300925131980447e-17
2	0	18	-0.02389068596283646	-1.9786164357172644e-17
2	0	19	0.023966804067368792	1.3786032747032667e-17
2	0	22	-0.00201172839664137	2.5019873482673247e-17
2	1	0	3.66019275517507e-06	3.797813933984954e-18
2	1	1	-1.7035653028071798e-06	-1.3692871425748118e-18
2	1	6	-3.7186918003366795e-06	2.773932072370286e-18
2	1	9	1.4224294148904414e-06	-2.8951807452023205e-19
2	1	12	5.940106888131913e-06	-3.834694001180831e-18
2	1	15	2.830839169106579e-05	5.924450381048437e-19
2	1	18	-0.002262238847841874	-3.653141579377143e-17
2	1	19	0.0022700380743498035	3.6214214930337037e-17
2	1	22	-0.00020072292470299112	1.5470814163114751e-18
2	2	2	0.03347357759690764	-1.123724610041204e-17
2	2	3	-0.033415837972632915	-3.3320293089665523e-18
2	2	10	-0.010038628810583561	-3.6615145683808166e-17
2	2	11	0.009981786904152929	2.6173345407255784e-17
2	2	13	-0.003331168982786764	1.5402025982071966e-16
2	2	14	0.0031395699543700175	-1.6530354990100318e-16
2	2	20	0.0011303625537831495	-9.548435159176768e-17
2	2	21	-0.0012330730026780341	1.0343723424669481e-16
2	3	2	-0.03341583797263292	-3.3320293089665492e-18
2	3	3	0.03343849296073526	1.535782682009467e-17
2	3	10	0.009962142190377693	4.31632279456321e-17
2	3	11	-0.009981020741276164	-2.8777979246145003e-17
2	3	13	0.003565612665167972	-1.606640997499885e-16
2	3	14	-0.0031820945751052515	1.6191633021202503e-16
2	3	20	-0.001413255279358216	9.829031263974961e-17
2	3	21	0.001288217505458952	-1.0043782179432212e-16
2	4	4	0.03104393889686529	1.846750457709004e-17
2	4	5	0.03104395904043222	-2.341042538965519e-18
2	4	7	-0.014714745771867432	-7.354879820738485e-17
2	4	8	-0.014714742154745808	-5.886187984922773e-17
2	4	16	-0.0020610740302465765	-6.068126879344871e-17
2	4	17	-0.002060990853034002	-5.905967270186735e-17
2	5	4	0.031043959040432216	-2.341042538965524e-18
2	5	5	0.03104397745107696	-2.3152032559782272e-17
2	5	7	-0.014714831011107495	-8.946574736427628e-17
2	5	8	-0.014714828614866348	-7.476904907659671e-17
2	5	16	-0.0020609701063513245	-5.466241202251049e-17
2	5	17	-0.0020608865098388613	-5.303767519819578e-17
2	6	0	-6.21935049946506e-06	1.9148515628960383e-17
2	6	1	-3.7186918003368247e-06	2.7739320723702775e-18
2	6	6	-1.0992592770254071e-05	7.910861063370208e-18
2	6	9	-1.3608948687178181e-05	3.4482037050568465e-19
2	6	12	-2.528877106834892e-05	3.496714761255502e-18
2	6	15	1.3449454707971172e-05	2.85075809019228e-18
2	6	18	-0.001188149280446584	9.286459494514024e-17
2	6	19	0.0011958173706095381	-8.778589985716002e-17
2	6	22	-0.00016661303186092446	2.0696508882073468e-17
2	7	4	-0.014714745771867432	-7.354879820738474e-17
2	7	5	-0.014714831011107501	-8.946574736427618e-17
2	7	7	-0.022566775867496235	-4.6063122614625214e-17
2	7	8	-0.022566804108396746	-3.729366532194992e-17
2	7	16	-0.013545666507453391	-1.263393040981368e-16
2	7	17	-0.013545690435599734	-1.1219024103509749e-16
2	8	4	-0.014714742154745815	-5.886187984922762e-17
2	8	5	-0.014714828614866353	-7.476904907659659e-17
2	8	7	-0.022566804108396735	-3.7293665321949966e-17
2	8	8	-0.022566832110692058	-2.850254024495507e-17
2	8	16	-0.013545436321336132	-1.1633672493992985e-16
2	8	17	-0.013545459543973428	-1.0220104127683832e-16
2	9	0	5.209523859808453e-07	-2.5213256404033895e-18
2	9	1	1.4224294148898686e-06	-2.895180745202432e-19
2	9	6	-1.3608948687179574e-05	3.448203705056911e-19
2	9	9	-1.1170006140775835e-06	-5.75294551313553e-19
2	9	12	2.7491425534141485e-06	-3.7350997587338405e-19
2	9	15	-1.3916977534224548e-05	-7.732533297746235e-19
2	9	18	0.0008480808980060095	-2.275862016078048e-18
2	9	19	-0.0008508129019616431	2.578978524628647e-18
2	9	22	7.558877614348581e-05	-5.236586768954771e-18
2	10	2	-0.010038628810583563	-3.661514568380815e-17
2	10	3	0.0099621421903777	4.316322794563204e-17
2	10	10	-0.020079714695793626	-1.6739372203457733e-16
2	10	11	0.02014570049417037	1.250617658994112e-16
2	10	13	0.01069424853012389	3.168531155489296e-16
2	10	14	-0.011098365492489574	-3.03744396989289e-16
2	10	20	0.0063261286091284025	-1.2170629143946724e-16
2	10	21	-0.0061150359156074575	1.0434000078084258e-16
2	11	2	0.009981786904152934	2.617334540725581e-17
2	11	3	-0.00998102074127617	-2.877797924614499e-17
2	11	10	0.020145700494170367	1.250617658994113e-16
2	11	11	-0.020220069703670157	-8.174691435063471e-17
2	11	13	-0.010843086783431934	-2.8625236787824913e-16
2	11	14	0.01117934727395116	2.7794831628425985e-16
2	11	20	-0.00641717935324893	1.4052011122139003e-16
2	11	21	0.006174556860210165	-1.2100082556984868e-16
2	12	0	-4.049544891493724e-06	4.3379409549962294e-18
2	12	1	5.940106888132309e-06	-3.834694001180821e-18
2	12	6	-2.528877106834791e-05	3.4967147612555084e-18
2	12	9	2.7491425534140498e-06	-3.7350997587336994e-19
2	12	12	7.873694302950269e-06	-7.298674679308648e-18
2	12	15	-7.205133574471205e-07	2.6458853125063316e-18
2	12	18	-0.001832414017179649	-2.941091775672783e-17
2	12	19	0.0018419841586452673	3.039773057696523e-17
2	12	22	-0.00020737284193239524	5.385548565710852e-18
2	13	2	-0.0033311689827867593	1.5402025982071956e-16
2	13	3	0.0035656126651679686	-1.6066409974998854e-16
2	13	10	0.01069424853012389	3.1685311554893004e-16
2	13	11	-0.010843086783431941	-2.862523678782495e-16
2	13	13	0.007254601203867977	2.691043650622136e-16
2	13	14	-0.007167995291733502	-2.815289982115278e-16
2	13	20	-0.005331236566520183	-4.173012932688263e-17
2	13	21	0.004990255853843087	4.2723380532667124e-17
2	14	2	0.003139569954370018	-1.6530354990100328e-16
2	14	3	-0.0031820945751052515	1.6191633021202495e-16
2	14	10	-0.01109836549248958	-3.037443969892893e-16
2	14	11	0.011179347273951165	2.779483162842601e-16
2	14	13	-0.007167995291733502	-2.815289982115278e-16
2	14	14	0.007394147009567866	2.6880423644944433e-16
2	14	20	0.005225251499095366	4.530712920208061e-17
2	14	21	-0.005080370899582256	-3.517426915683722e-17
2	15	0	0.0003078757369890908	-2.13009251319805e-17
2	15	1	2.8308391691065183e-05	5.924450381048613e-19
2	15	6	1.3449454707972002e-05	2.8507580901922707e-18
2	15	9	-1.3916977534223945e-05	-7.732533297746014e-19
2	15	12	-7.205133574459336e-07	2.6458853125063185e-18
2	15	15	0.0002825608956103227	-2.047163206425148e-17
2	15	18	-0.009877196265794756	1.2878888889274645e-16
2	15	19	0.009883201313082747	-1.329325840592953e-16
2	15	22	-0.0004852637721552613	3.431886827704606e-18
2	16	4	-0.0020610740302465735	-6.068126879344863e-17
2	16	5	-0.002060970106351323	-5.466241202251045e-17
2	16	7	-0.013545666507453397	-1.2633930409813706e-16
2	16	8	-0.013545436321336148	-1.1633672493993015e-16
2	16	16	0.015435037701305901	5.1588910200238095e-17
2	16	17	0.015435144305239727	6.739420474649094e-17
2	17	4	-0.002060990853034	-5.905967270186734e-17
2	17	5	-0.0020608865098388613	-5.303767519819578e-17
2	17	7	-0.013545690435599743	-1.1219024103509768e-16
2	17	8	-0.013545459543973435	-1.0220104127683862e-16
2	17	16	0.015435144305239734	6.739420474649097e-17
2	17	17	0.015435251014943653	8.318868898235075e-17
2	18	0	-0.023890685962836455	-1.9786164357172616e-17
2	18	1	-0.002262238847841876	-3.65314157937714e-17
2	18	6	-0.001188149280446579	9.286459494514021e-17
2	18	9	0.000848080898006001	-2.27586201607805e-18
2	18	12	-0.001832414017179648	-2.941091775672776e-17
2	18	15	-0.009877196265794756	1.2878888889274665e-16
2	18	18	0.003500762616084073	-8.261803701843602e-17
2	18	19	-0.0019501391847234618	2.787239716895064e-17
2	18	22	-0.020534216134162803	4.038776164895713e-17
2	19	0	0.023966804067368792	1.378603274703265e-17
2	19	1	0.0022700380743497974	3.6214214930336975e-17
2	19	6	0.0011958173706095342	-8.778589985716006e-17
2	19	9	-0.0008508129019616388	2.578978524628676e-18
2	19	12	0.0018419841586452654	3.0397730576965175e-17
2	19	15	0.009883201313082752	-1.3293258405929528e-16
2	19	18	-0.00195013918472346	2.787239716895062e-17
2	19	19	0.0003906993966206286	2.9071691004528495e-17
2	19	22	0.02071435484962781	-6.019021358139493e-17
2	20	2	0.001130362553783157	-9.548435159176761e-17
2	20	3	-0.0014132552793582225	9.829031263974976e-17
2	20	10	0.006326128609128403	-1.217062914394671e-16
2	20	11	-0.006417179353248932	1.4052011122138998e-16
2	20	13	-0.0053312365665201785	-4.173012932688251e-17
2	20	14	0.005225251499095365	4.530712920208053e-17
2	20	20	-0.004897766580015822	4.712489027993764e-17
2	20	21	0.004722522506963429	-3.849687779665227e-17
2	21	2	-0.0012330730026780385	1.0343723424669482e-16
2	21	3	0.0012882175054589585	-1.0043782179432213e-16
2	21	10	-0.006115035915607458	1.0434000078084251e-16
2	21	11	0.006174556860210164	-1.2100082556984866e-16
2	21	13	0.004990255853843083	4.272338053266697e-17
2	21	14	-0.005080370899582253	-3.5174269156837153e-17
2	21	20	0.004722522506963423	-3.849687779665227e-17
2	21	21	-0.0046670034097578495	3.374433536275573e-17
2	22	0	-0.002011728396641365	2.5019873482673204e-17
2	22	1	-0.00020072292470299172	1.5470814163114712e-18
2	22	6	-0.0001666130318609226	2.069650888207345e-17
2	22	9	7.558877614348518e-05	-5.2365867689547686e-18
2	22	12	-0.00020737284193239464	5.385548565710847e-18
2	22	15	-0.0004852637721552605	3.431886827704595e-18
2	22	18	-0.020534216134162803	4.038776164895714e-17
2	22	19	0.020714354849627806	-6.019021358139499e-17
2	22	22	-0.003224709092005547	5.634579175521613e-17
2	23	23	0.01865182968677307	-1.2855784383204083e-16
3	0	2	0.5488623977318554	-2.969992244667324e-16
3	0	3	0.5488483037073859	2.1792045049347501e-16
3	0	4	-0.466109057851878	-7.419899389564959e-16
3	0	5	0.46610791346844604	2.4896221421082316e-16
3	0	7	0.1234967886291835	7.310145824990584e-16
3	0	8	-0.12349694548788645	-1.0037539735875562e-15
3	0	10	0.09393028181354837	3.402667004423134e-16
3	0	11	0.09351747727095286	8.256719150637626e-16
3	0	13	-0.0313682441703435	4.437382946053875e-16
3	0	14	-0.02813758143929547	6.504403264106653e-16
3	0	16	-0.036050301133101	-7.31161064222454e-16
3	0	17	0.0360494233968497	3.947345084836298e-16
3	0	20	0.00999260874470515	4.971688833024954e-16
3	0	21	0.010366867701579097	3.8271419523296847e-16
3	1	2	-0.24157327613071736	2.0578221875498682e-16
3	1	3	-0.24207932463220488	1.409736714897322e-16
3	1	4	0.3299341401913379	5.16476789443832e-16
3	1	5	-0.3299337539498019	-1.2159404450381922e-16
3	1	7	0.31431427850597343	1.629100387816052e-15
3	1	8	-0.31431483785177533	-1.263694333532924e-15
3	1	10	0.25276845482009147	1.6162105773825435e-15
3	1	11	0.2534224573706621	1.6137541834528478e-15
3	1	13	0.13231574505673283	7.2363705842493655e-16
3	1	14	0.13214302186320234	9.504651023301903e-16
3	1	16	-0.09544972172777295	2.2884879869858253e-17
3	1	17	0.09545002178926673	3.463667778505999e-16
3	1	20	-0.05588663799166322	1.7255348203709703e-15
3	1	21	-0.05276563177943781	9.041558179828082e-16
3	2	0	0.5488623977318561	-2.9699922446673277e-16
3	2	1	-0.2415732761307174	2.057822187549866e-16
3	2	6	-0.04349926457684297	-1.1821030127951327e-15
3	2	9	-0.07346931176406683	-3.9549292744881117e-16
3	2	12	0.050971146123312015	1.2728298937045267e-15
3	2	15	0.04848903998255151	-5.565851768728759e-16
3	2	18	0.16027693968366136	-5.819241524853624e-17
3	2	19	0.15023061748628144	2.0117982034916338e-16
3	2	22	-0.12135467834274387	1.4488644499901077e-16
3	2	23	-0.1747000974659813	3.83438754437148e-16
3	3	0	0.5488483037073859	2.1792045049347494e-16
3	3	1	-0.2420793246322047	1.4097367148973183e-16
3	3	6	-0.043282311755990004	-1.1658857263857374e-15
3	3	9	-0.07378971346298202	-4.593599691471285e-16
3	3	12	0.0509431595414851	1.3944189164563984e-15
3	3	15	0.043699774723745886	-3.607874208723864e-16
3	3	18	-0.13687223078521288	4.0938726908779234e-16
3	3	19	-0.1476956650969773	6.252572260338757e-16
3	3	22	-0.14380554062332948	4.883439490383607e-16
3	3	23	-0.026610202223985184	-1.299472760615018e-15
3	4	0	-0.466109057851878	-7.419899389564965e-16
3	4	1	0.3299341401913376	5.164767894438322e-16
3	4	6	-0.0819298283157281	3.97407011409873e-16
3	4	9	0.09968354848024663	8.32152683548357e-16
3	4	12	-0.02302417561457433	-1.036652066805241e-15
3	4	15	0.04076983532114445	-2.6295987963694965e-16
3	4	18	-0.006545064329681516	-2.8789056120965117e-16
3	4	19	-0.00615768315241706	-2.54234192078311e-16
3	4	22	-0.0006981667926775648	-5.505602138166761e-17
3	4	23	1.1131306820899309e-06	1.323124005937765e-17
3	5	0	0.466107913468446	2.489622142108238e-16
3	5	1	-0.329933753949802	-1.2159404450381964e-16
3	5	6	0.08193102581868768	-3.0581095757080964e-16
3	5	9	-0.09968701967489166	-7.534350076668343e-16
3	5	12	0.02301585907219595	1.0633854407390536e-15
3	5	15	-0.04089022307034154	3.7260713606629577e-16
3	5	18	-0.006544462509070467	4.861237997828583e-17
3	5	19	-0.006989551769577053	-3.947283001884344e-17
3	5	22	-0.0007073085602941463	-4.6944997591069854e-17
3	5	23	-1.0438760384600742e-06	-2.5785580000575622e-17
3	6	2	-0.04349926457684279	-1.1821030127951323e-15
3	6	3	-0.043282311755989865	-1.1658857263857392e-15
3	6	4	-0.08192982831572823	3.9740701140987457e-16
3	6	5	0.08193102581868772	-3.058109575708125e-16
3	6	7	0.34879142939589963	7.335410482021338e-16
3	6	8	-0.3487894667133667	-8.7544105241666285e-16
3	6	10	0.2750432666673852	1.4861858968535906e-15
3	6	11	0.27671092144406517	1.3706461168171155e-15
3	6	13	-0.11744781497742862	-3.526742313899761e-15
3	6	14	-0.12171699429032297	-4.092700779450651e-15
3	6	16	0.19011939513319398	1.584132946746484e-15
3	6	17	-0.19011894462321033	-2.2748691867440042e-15
3	6	20	-0.10483206556014281	1.7396787168701679e-15
3	6	21	-0.10138321896356774	9.238907002693323e-16
3	7	0	0.12349678862918338	7.310145824990583e-16
3	7	1	0.3143142785059734	1.62910038781605e-15
3	7	6	0.3487914293958996	7.335410482021329e-16
3	7	9	-0.12550629671012767	2.407191971035768e-16
3	7	12	0.16130792205504982	1.2363147819572403e-15
3	7	15	0.04481003858446424	1.464627274471575e-15
3	7	18	-0.004314287031951989	-1.3746507603959795e-16
3	7	19	-0.005776212450005715	-3.543146571002895e-16
3	7	22	-0.0005183320053025236	-8.919459697065496e-17
3	7	23	2.8502456795593708e-08	-6.34675564578277e-17
3	8	0	-0.12349694548788634	-1.0037539735875566e-15
3	8	1	-0.3143148378517751	-1.2636943335329203e-15
3	8	6	-0.3487894667133668	-8.75441052416662e-16
3	8	9	0.125508570807551	-1.2114640751338572e-16
3	8	12	-0.16130206397847163	-9.660004576160584e-16
3	8	15	-0.044871533368944325	-1.2580533677598192e-15
3	8	18	-0.00431462034146879	4.558208743709793e-17
3	8	19	-0.0028958891676347876	3.1693857444196264e-16
3	8	22	-0.0005123181185145869	4.703239146373291e-17
3	8	23	1.0641384593849782e-08	-1.0779519440587737e-16
3	9	2	-0.07346931176406696	-3.9549292744881073e-16
3	9	3	-0.07378971346298209	-4.593599691471278e-16
3	9	4	0.09968354848024663	8.321526835483569e-16
3	9	5	-0.09968701967489174	-7.534350076668331e-16
3	9	7	-0.12550629671012745	2.4071919710357845e-16
3	9	8	0.12550857080755104	-1.2114640751338698e-16
3	9	10	-0.17516787158995878	-3.6055742586557754e-16
3	9	11	-0.1760510582583319	-3.7841399329357335e-16
3	9	13	0.1613405080399993	3.805598471002041e-15
3	9	14	0.1655193094672559	3.9205666697820475e-15
3	9	16	-0.1417763658992846	-1.4665408619355852e-15
3	9	17	0.14177383837710114	2.226027884999295e-15
3	9	20	0.09906432821693162	-1.839708632291351e-15
3	9	21	0.0971315099575363	-1.6287274881274032e-15
3	10	0	0.09393028181354833	3.402667004423133e-16
3	10	1	0.25276845482009136	1.616210577382541e-15
3	10	6	0.2750432666673854	1.4861858968535876e-15
3	10	9	-0.1751678715899589	-3.6055742586557724e-16
3	10	12	0.13193504455564348	2.2232258176173896e-15
3	10	15	0.11574271972617449	6.254289478517459e-16
3	10	18	0.08210959539857256	-9.158003808271543e-16
3	10	19	0.07471166804911708	-9.113368841999808e-16
3	10	22	-0.07673684770395188	7.920661073228962e-16
3	10	23	-0.1282608082160033	1.693034211001413e-15
3	11	0	0.09351747727095282	8.256719150637625e-16
3	11	1	0.2534224573706623	1.6137541834528449e-15
3	11	6	0.2767109214440652	1.3706461168171149e-15
3	11	9	-0.17605105825833192	-3.7841399329357424e-16
3	11	12	0.133403372635621	2.460882410758019e-15
3	11	15	0.11374332174012018	1.007948333780217e-15
3	11	18	-0.06748128255637158	8.701792815981483e-16
3	11	19	-0.07526384060696663	8.621871251640107e-16
3	11	22	-0.08772291145264462	9.379770279437706e-16
3	11	23	-0.01944813793315874	-8.395116252632421e-16
3	12	2	0.050971146123311974	1.2728298937045271e-15
3	12	3	0.0509431595414852	1.3944189164564006e-15
3	12	4	-0.02302417561457441	-1.0366520668052411e-15
3	12	5	0.023015859072196054	1.0633854407390543e-15
3	12	7	0.1613079220550502	1.2363147819572443e-15
3	12	8	-0.16130206397847183	-9.660004576160626e-16
3	12	10	0.13193504455564367	2.223225817617392e-15
3	12	11	0.13340337263562116	2.460882410758024e-15
3	12	13	0.12225988659182475	2.945741999046272e-15
3	12	14	0.13012136274558952	3.349047317482071e-15
3	12	16	-0.2634253137320034	2.751077435990292e-16
3	12	17	0.2634193154515483	-1.782649755820474e-16
3	12	20	-0.11960913030229162	-1.0529001137756212e-16
3	12	21	-0.11850119183196509	-9.06642157682815e-16
3	13	0	-0.031368244170343396	4.43738294605387e-16
3	13	1	0.13231574505673288	7.236370584249362e-16
3	13	6	-0.1174478149774286	-3.5267423138997632e-15
3	13	9	0.16134050803999944	3.805598471002045e-15
3	13	12	0.1222598865918248	2.945741999046274e-15
3	13	15	0.15688563633025437	5.002689184929985e-16
3	13	18	0.1521110491735955	-2.632946015059081e-15
3	13	19	0.14114326098683175	-2.0502414080240617e-15
3	13	22	-0.12559130304534016	2.4155508858889435e-15
3	13	23	-0.1536985452453654	3.018498452226479e-15
3	14	0	-0.028137581439295546	6.504403264106646e-16
3	14	1	0.1321430218632024	9.504651023301893e-16
3	14	6	-0.121716994290323	-4.092700779450647e-15
3	14	9	0.16551930946725604	3.920566669782049e-15
3	14	12	0.13012136274558952	3.349047317482066e-15
3	14	15	0.1546129842953091	9.757718294310149e-16
3	14	18	-0.12445156586422183	1.9558247931932666e-15
3	14	19	-0.13586349951875926	2.4554074004165145e-15
3	14	22	-0.14150776503345372	2.7720721681837583e-15
3	14	23	-0.0222571042705758	-7.180241299987582e-16
3	15	2	0.0484890399825515	-5.565851768728769e-16
3	15	3	0.04369977472374589	-3.607874208723859e-16
3	15	4	0.040769835321144476	-2.629598796369492e-16
3	15	5	-0.04089022307034151	3.726071360662955e-16
3	15	7	0.04481003858446436	1.4646272744715778e-15
3	15	8	-0.04487153336894448	-1.258053367759821e-15
3	15	10	0.11574271972617452	6.254289478517487e-16
3	15	11	0.11374332174012021	1.0079483337802205e-15
3	15	13	0.15688563633025435	5.002689184929983e-16
3	15	14	0.15461298429530915	9.757718294310157e-16
3	15	16	-0.13667625796710842	-5.895106489053365e-16
3	15	17	0.13669162739974342	1.0553720673907134e-15
3	15	20	0.0030913548572060316	-5.410374239263344e-16
3	15	21	0.0008693653792258133	-8.095273838586754e-16
3	16	0	-0.03605030113310097	-7.311610642224521e-16
3	16	1	-0.0954497217277729	2.288487986985761e-17
3	16	6	0.19011939513319417	1.584132946746489e-15
3	16	9	-0.1417763658992847	-1.4665408619355878e-15
3	16	12	-0.26342531373200323	2.751077435990299e-16
3	16	15	-0.13667625796710844	-5.895106489053371e-16
3	16	18	0.0006343703149043553	-3.445773093995587e-16
3	16	19	0.0025102191689634	-6.670046710543397e-16
3	16	22	4.819040962194124e-05	-4.560106243354947e-16
3	16	23	9.33301406657865e-07	-6.170232794396487e-17
3	17	0	0.036049423396849724	3.9473450848362734e-16
3	17	1	0.09545002178926675	3.4636677785060034e-16
3	17	6	-0.19011894462321055	-2.2748691867440077e-15
3	17	9	0.14177383837710097	2.2260278849993e-15
3	17	12	0.2634193154515482	-1.7826497558204724e-16
3	17	15	0.13669162739974344	1.0553720673907136e-15
3	17	18	0.0006344432934605049	-1.7411090599381766e-16
3	17	19	-0.0012377135048506054	1.0150724157124303e-16
3	17	22	4.779496242272757e-05	-9.810928532509789e-17
3	17	23	-1.054414259792891e-06	-7.895161767925466e-17
3	18	2	0.1602769396836613	-5.819241524853684e-17
3	18	3	-0.13687223078521296	4.093872690877927e-16
3	18	4	-0.006545064329681533	-2.8789056120965093e-16
3	18	5	-0.0065444625090704985	4.861237997828603e-17
3	18	7	-0.004314287031952022	-1.3746507603959792e-16
3	18	8	-0.004314620341468807	4.558208743709798e-17
3	18	10	0.08210959539857259	-9.158003808271547e-16
3	18	11	-0.06748128255637159	8.701792815981462e-16
3	18	13	0.1521110491735954	-2.6329460150590816e-15
3	18	14	-0.12445156586422194	1.9558247931932674e-15
3	18	16	0.0006343703149043725	-3.4457730939955843e-16
3	18	17	0.0006344432934605243	-1.7411090599381783e-16
3	18	20	0.11108271140356349	6.20750003087367e-16
3	18	21	-0.09353349442785822	-3.6861304480135046e-16
3	19	2	0.1502306174862814	2.0117982034916251e-16
3	19	3	-0.14769566509697718	6.252572260338761e-16
3	19	4	-0.006157683152417074	-2.54234192078311e-16
3	19	5	-0.006989551769577079	-3.947283001884358e-17
3	19	7	-0.005776212450005758	-3.5431465710028934e-16
3	19	8	-0.0028958891676348	3.169385744419625e-16
3	19	10	0.07471166804911715	-9.113368841999821e-16
3	19	11	-0.07526384060696663	8.621871251640101e-16
3	19	13	0.1411432609868318	-2.050241408024062e-15
3	19	14	-0.13586349951875934	2.4554074004165137e-15
3	19	16	0.0025102191689634107	-6.670046710543398e-16
3	19	17	-0.0012377135048505816	1.0150724157124274e-16
3	19	20	0.10505371367662826	7.534519289084643e-16
3	19	21	-0.1001577680294114	-2.446732630580284e-16
3	20	0	0.009992608744705351	4.971688833024949e-16
3	20	1	-0.055886637991663324	1.725534820370972e-15
3	20	6	-0.10483206556014277	1.7396787168701696e-15
3	20	9	0.09906432821693169	-1.8397086322913525e-15
3	20	12	-0.11960913030229149	-1.0529001137756122e-16
3	20	15	0.0030913548572061413	-5.410374239263328e-16
3	20	18	0.11108271140356352	6.207500030873658e-16
3	20	19	0.10505371367662825	7.534519289084636e-16
3	20	22	-0.09463822895627125	-7.208822877128416e-16
3	20	23	-0.1745176766325117	-6.167955088049643e-16
3	21	0	0.010366867701579179	3.827141952329679e-16
3	21	1	-0.052765631779437855	9.041558179828092e-16
3	21	6	-0.10138321896356772	9.238907002693323e-16
3	21	9	0.09713150995753637	-1.6287274881274026e-15
3	21	12	-0.11850119183196499	-9.066421576828139e-16
3	21	15	0.0008693653792258936	-8.095273838586747e-16
3	21	18	-0.09353349442785829	-3.6861304480135066e-16
3	21	19	-0.10015776802941148	-2.4467326305802856e-16
3	21	22	-0.11057612264319466	-6.725286429848008e-16
3	21	23	-0.02635142857964133	-1.5219724192138444e-15
3	22	2	-0.12135467834274384	1.4488644499901064e-16
3	22	3	-0.14380554062332945	4.883439490383608e-16
3	22	4	-0.0006981667926775586	-5.5056021381667655e-17
3	22	5	-0.0007073085602941578	-4.6944997591069854e-17
3	22	7	-0.0005183320053025388	-8.919459697065492e-17
3	22	8	-0.0005123181185145713	4.7032391463732924e-17
3	22	10	-0.07673684770395192	7.920661073228957e-16
3	22	11	-0.0877229114526446	9.37977027943771e-16
3	22	13	-0.12559130304534014	2.415550885888943e-15
3	22	14	-0.14150776503345378	2.77207216818376e-15
3	22	16	4.81904096219426e-05	-4.560106243354947e-16
3	22	17	4.7794962422721e-05	-9.810928532509785e-17
3	22	20	-0.09463822895627118	-7.208822877128425e-16
3	22	21	-0.11057612264319462	-6.725286429848e-16
3	23	2	-0.17470009746598128	3.834387544371484e-16
3	23	3	-0.026610202223985222	-1.299472760615018e-15
3	23	4	1.1131306821133219e-06	1.3231240059377617e-17
3	23	5	-1.0438760384654816e-06	-2.5785580000575964e-17
3	23	7	2.8502456813300313e-08	-6.346755645782798e-17
3	23	8	1.0641384618813556e-08	-1.0779519440587789e-16
3	23	10	-0.12826080821600339	1.6930342110014148e-15
3	23	11	-0.01944813793315871	-8.395116252632411e-16
3	23	13	-0.15369854524536536	3.018498452226481e-15
3	23	14	-0.022257104270575777	-7.180241299987592e-16
3	23	16	9.33301406652307e-07	-6.170232794396453e-17
3	23	17	-1.0544142598046288e-06	-7.895161767925446e-17
3	23	20	-0.17451767663251172	-6.167955088049656e-16
3	23	21	-0.02635142857964132	-1.5219724192138428e-15
4	0	0	2.178426255243293	8.439440262788985e-16
4	0	1	0.7815646551966078	3.533695709914772e-15
4	0	6	-0.027080353398580902	-1.82430118033791e-15
4	0	9	0.07457868770525654	-1.1987950345545054e-15
4	0	12	-0.08762851310337123	8.476535121207072e-16
4	0	15	0.005989666643215302	3.564780487410222e-16
4	0	19	-0.0004429065736106337	8.901083592753876e-16
4	1	0	0.7815646551966084	3.533695709914775e-15
4	1	1	-1.423340993062515	-1.1782495564101055e-15
4	1	6	0.9666680359985869	2.8647722456805588e-15
4	1	9	0.30403643824049065	1.0219833174067995e-15
4	1	12	-0.15266508347536908	-7.836797979114597e-16
4	1	15	0.09105670203805678	1.1676113419535275e-15
4	1	19	-0.000660781602890689	1.1638095967996362e-16
4	2	2	1.3684170276294114	-4.028201682707392e-16
4	2	10	-0.3928008170753584	7.259274686483784e-16
4	2	13	0.254673936378785	-2.160701105732723e-15
4	2	20	-0.19545967129508598	-3.0888967287827754e-15
4	3	3	-1.3618560320888016	7.305677259564078e-16
4	3	11	0.3882838402060837	-3.2698115885434404e-16
4	3	14	-0.2439646543613024	1.8052088313872437e-15
4	3	21	0.19246929043673291	2.4852836104977122e-15
4	4	4	1.118201340388328	7.056053668057003e-16
4	4	8	-0.6024614571944608	-2.3189897238030656e-15
4	4	17	-0.06691239329390687	-1.582395265752695e-16
4	5	5	-1.118204005730862	2.1626332189866085e-16
4	5	7	0.6024655642115129	3.090683760276382e-15
4	5	16	0.06691016740695738	4.842066472486752e-16
4	6	0	-0.02708035339858092	-1.82430118033791e-15
4	6	1	0.9666680359985872	2.8647722456805525e-15
4	6	6	1.03288413282127	2.825645909325303e-15
4	6	9	0.6067022287773246	5.773669788768148e-15
4	6	12	0.6915043497743898	2.3704721536550537e-15
4	6	15	-0.333762671401346	-3.608168124627101e-15
4	6	19	0.004363118888781362	-5.055097688420542e-16
4	7	5	0.6024655642115129	3.090683760276379e-15
4	7	7	0.9442704796440832	5.619988892692486e-16
4	7	16	0.5883877302560523	3.32001455569529e-15
4	8	4	-0.602461457194461	-2.31898972380306e-15
4	8	8	-0.9442697628337842	-1.754384206031461e-15
4	8	17	-0.5883786506428957	-2.4786597558663053e-15
4	9	0	0.07457868770525615	-1.198795034554507e-15
4	9	1	0.3040364382404903	1.0219833174067938e-15
4	9	6	0.6067022287773244	5.773669788768147e-15
4	9	9	-0.8243775412657728	1.2621290696474484e-15
4	9	12	0.276075225120945	1.4101098206600407e-16
4	9	15	0.6231455210105716	7.223784850339617e-15
4	9	19	-0.012333092749671154	-1.551718719760276e-16
4	10	2	-0.39280081707535824	7.259274686483777e-16
4	10	10	-0.8430366412187194	9.032248739221415e-16
4	10	13	0.4339390888533531	1.0985086284761173e-14
4	10	20	-0.0945965242373026	-2.3236680162568005e-17
4	11	3	0.38828384020608414	-3.269811588543455e-16
4	11	11	0.8415701803747595	-9.399877381863e-16
4	11	14	-0.45416621650425915	-9.471316447502447e-15
4	11	21	0.0968903132367666	-4.120899281686643e-16
4	12	0	-0.08762851310337161	8.476535121207171e-16
4	12	1	-0.15266508347536908	-7.836797979114603e-16
4	12	6	0.6915043497743911	2.370472153655067e-15
4	12	9	0.2760752251209458	1.4101098206600582e-16
4	12	12	-1.126880985447371	-3.574325114681493e-15
4	12	15	0.10017246023509079	-1.4725030943161982e-15
4	12	19	-0.008707512876489264	-4.559502353480953e-16
4	13	2	0.2546739363787853	-2.160701105732731e-15
4	13	10	0.43393908885335347	1.0985086284761172e-14
4	13	13	0.7671207672341329	-1.0624463920898335e-14
4	13	20	-0.25567791254865135	1.4705836048123026e-15
4	14	3	-0.24396465436130227	1.805208831387238e-15
4	14	11	-0.454166216504259	-9.471316447502456e-15
4	14	14	-0.7350083613462308	8.657497985058266e-15
4	14	21	0.24214433759843132	-1.065575583105272e-15
4	15	0	0.005989666643215237	3.564780487410178e-16
4	15	1	0.0910567020380567	1.1676113419535302e-15
4	15	6	-0.33376267140134575	-3.608168124627108e-15
4	15	9	0.6231455210105721	7.223784850339627e-15
4	15	12	0.10017246023509097	-1.4725030943161996e-15
4	15	15	0.6166193031433893	-1.6613865948048971e-15
4	15	19	0.006168161444421352	2.234109444679912e-16
4	16	5	0.06691016740695727	4.842066472486747e-16
4	16	7	0.5883877302560533	3.320014555695304e-15
4	16	16	-0.7400007171948926	-3.241563244164886e-16
4	17	4	-0.06691239329390715	-1.582395265752684e-16
4	17	8	-0.5883786506428962	-2.4786597558663168e-15
4	17	17	0.7400046276055317	8.964727785423594e-16
4	18	18	-0.7498876435296477	2.062860781413134e-15
4	18	22	0.0035420945097146706	-1.898289777156186e-16
4	19	0	-0.0004429065736105475	8.901083592753862e-16
4	19	1	-0.0006607816028906241	1.1638095967996355e-16
4	19	6	0.004363118888781392	-5.055097688420547e-16
4	19	9	-0.012333092749671164	-1.5517187197602678e-16
4	19	12	-0.008707512876489265	-4.55950235348094e-16
4	19	15	0.00616816144442147	2.234109444679914e-16
4	19	19	0.7491343005922091	-2.0769965666143607e-15
4	20	2	-0.19545967129508524	-3.088896728782773e-15
4	20	10	-0.09459652423730275	-2.3236680162564304e-17
4	20	13	-0.2556779125486511	1.4705836048123092e-15
4	20	20	-0.7502536258859881	-1.8925995473196424e-15
4	21	3	0.19246929043673244	2.485283610497714e-15
4	21	11	0.09689031323676663	-4.1208992816866653e-16
4	21	14	0.24214433759843146	-1.0655755831052737e-15
4	21	21	0.7477776436338457	1.5157877305645962e-15
4	22	18	0.0035420945097147326	-1.8982897771561874e-16
4	22	22	-0.7303503458555483	2.5514643467694938e-15
4	23	23	0.6721092600749926	-1.8354627215172224e-15
5	0	2	0.5488623977318555	4.099829787796936e-16
5	0	3	-0.5488483037073861	1.1610493086166799e-16
5	0	4	0.46610905785187834	4.6205406923550023e-17
5	0	5	0.4661079134684448	2.5852462485827267e-16
5	0	7	0.12349678862918274	8.620882249263118e-16
5	0	8	0.12349694548788566	8.826040050002704e-16
5	0	10	0.09393028181354883	5.871049009400179e-16
5	0	11	-0.09351747727095311	-5.385154683863722e-16
5	0	13	-0.03136824417034355	5.477550019416346e-16
5	0	14	0.028137581439294887	-5.235752730387445e-16
5	0	16	-0.03605030113310191	-5.178362030853957e-16
5	0	17	-0.03604942339684987	-7.381368074906802e-16
5	0	20	0.009992608744705265	7.274622027881313e-16
5	0	21	-0.01036686770157932	-4.738193597642586e-16
5	1	2	-0.24157327613071744	-3.4076368961475185e-17
5	1	3	0.24207932463220505	-1.71340354427119e-16
5	1	4	-0.3299341401913377	-4.565875360293256e-17
5	1	5	-0.32993375394980157	-7.547128031321666e-18
5	1	7	0.3143142785059732	1.5840314827059984e-15
5	1	8	0.3143148378517739	1.5763017704554114e-15
5	1	10	0.2527684548200943	1.7650252387579058e-15
5	1	11	-0.25342245737066327	-1.3367693722615078e-15
5	1	13	0.13231574505673183	1.2124589104904526e-15
5	1	14	-0.13214302186320487	-3.694077148555617e-16
5	1	16	-0.09544972172776983	-2.0293545405740394e-16
5	1	17	-0.09545002178926776	7.236299274121904e-17
5	1	20	-0.05588663799166324	1.5648071334545775e-15
5	1	21	0.05276563177943769	-1.4688204708334089e-15
5	2	0	0.5488623977318556	4.0998297877969333e-16
5	2	1	-0.24157327613071725	-3.407636896147547e-17
5	2	6	-0.04349926457684347	-8.830992698781087e-16
5	2	9	-0.07346931176406668	-6.493810036236273e-16
5	2	12	0.050971146123312154	1.3395308274084333e-15
5	2	15	0.048489039982551684	-6.834930615310373e-16
5	2	18	-0.16027693968366055	5.367545238342683e-16
5	2	19	0.1502306174862812	1.366987635250506e-16
5	2	22	0.12135467834274183	-2.886762475573451e-17
5	2	23	0.17470009746598228	-5.638030962187015e-16
5	3	0	-0.548848303707386	1.1610493086166774e-16
5	3	1	0.24207932463220483	-1.713403544271188e-16
5	3	6	0.04328231175598973	1.2506589719099436e-15
5	3	9	0.07378971346298221	5.0954169567881e-16
5	3	12	-0.050943159541485074	-1.224769830171174e-15
5	3	15	-0.043699774723745644	3.949882791913666e-16
5	3	18	-0.13687223078521352	-2.1509033434675974e-16
5	3	19	0.14769566509697726	-6.459177077689643e-16
5	3	22	-0.14380554062332898	3.090440185399963e-16
5	3	23	-0.026610202223986162	-1.1119672212745508e-15
5	4	0	0.466109057851878	4.620540692355091e-17
5	4	1	-0.3299341401913376	-4.565875360293343e-17
5	4	6	0.08192982831572833	-4.647270984822222e-16
5	4	9	-0.09968354848024663	-5.65940570859381e-16
5	4	12	0.023024175614574354	1.138816764352558e-15
5	4	15	-0.04076983532114441	4.020877062043189e-16
5	4	18	-0.006545064329680732	1.5638434732137455e-16
5	4	19	0.006157683152416972	1.9963991856753982e-16
5	4	22	-0.000698166792678011	1.2448050228572789e-16
5	4	23	1.1131306829200744e-06	3.281199395020615e-19
5	5	0	0.46610791346844527	2.585246248582738e-16
5	5	1	-0.3299337539498016	-7.547128031321623e-18
5	5	6	0.08193102581868764	-8.19603908976772e-17
5	5	9	-0.09968701967489167	-9.324165656712618e-16
5	5	12	0.023015859072195895	1.1310321154538462e-15
5	5	15	-0.04089022307034154	2.7795704197032815e-16
5	5	18	0.006544462509071231	1.4051496170034623e-16
5	5	19	-0.006989551769577148	2.2204803499206326e-16
5	5	22	0.0007073085602939499	-6.25290850253885e-17
5	5	23	1.0438760396839e-06	-5.730943601515813e-17
5	6	2	-0.04349926457684319	-8.830992698781114e-16
5	6	3	0.04328231175598949	1.2506589719099447e-15
5	6	4	0.08192982831572854	-4.647270984822248e-16
5	6	5	0.08193102581868777	-8.19603908976792e-17
5	6	7	0.3487914293958992	6.402148040247619e-16
5	6	8	0.3487894667133659	5.875907282136388e-16
5	6	10	0.2750432666673877	1.7303247225076157e-15
5	6	11	-0.276710921444066	-1.1319295126499622e-15
5	6	13	-0.11744781497742728	-3.569883238004234e-15
5	6	14	0.12171699429032742	3.290496450265887e-15
5	6	16	0.19011939513319098	2.6305978239445362e-15
5	6	17	0.1901189446232116	2.3143324612019825e-15
5	6	20	-0.10483206556014253	1.5226551441006022e-15
5	6	21	0.10138321896356772	-1.666494576489973e-15
5	7	0	0.12349678862918272	8.620882249263114e-16
5	7	1	0.31431427850597327	1.5840314827059948e-15
5	7	6	0.3487914293958992	6.402148040247607e-16
5	7	9	-0.12550629671012714	2.2575275839867396e-16
5	7	12	0.16130792205504943	1.5756126305683543e-15
5	7	15	0.04481003858446406	1.441810822609226e-15
5	7	18	0.004314287031952513	7.53708434881069e-18
5	7	19	-0.00577621245000579	-7.682839208714097e-17
5	7	22	0.0005183320053021699	-7.273703493249674e-17
5	7	23	-2.8502455978796968e-08	-2.2823489928455946e-17
5	8	0	0.1234969454878856	8.82604005000271e-16
5	8	1	0.31431483785177383	1.576301770455407e-15
5	8	6	0.3487894667133659	5.875907282136376e-16
5	8	9	-0.1255085708075504	4.069678402493689e-16
5	8	12	0.1613020639784703	1.3659831245106282e-15
5	8	15	0.0448715333689435	1.5712261100194849e-15
5	8	18	-0.004314620341467562	1.6586007355913423e-16
5	8	19	0.0028958891676339315	-1.855299643855636e-16
5	8	22	-0.0005123181185158709	3.64815737168105e-16
5	8	23	1.0641383672107856e-08	1.9524524742344816e-16
5	9	2	-0.07346931176406679	-6.493810036236271e-16
5	9	3	0.07378971346298231	5.095416956788089e-16
5	9	4	-0.0996835484802467	-5.659405708593797e-16
5	9	5	-0.09968701967489174	-9.324165656712608e-16
5	9	7	-0.12550629671012706	2.2575275839867455e-16
5	9	8	-0.12550857080755046	4.0696784024937e-16
5	9	10	-0.17516787158995997	-6.768374968652501e-16
5	9	11	0.17605105825833223	2.71951692327023e-16
5	9	13	0.1613405080399983	3.770867827079911e-15
5	9	14	-0.16551930946725937	-3.22275537279462e-15
5	9	16	-0.1417763658992803	-2.4199708695930677e-15
5	9	17	-0.1417738383771024	-2.133556007538747e-15
5	9	20	0.09906432821693141	-1.871883523516076e-15
5	9	21	-0.0971315099575361	2.0874365849927568e-15
5	10	0	0.09393028181354872	5.871049009400179e-16
5	10	1	0.2527684548200942	1.7650252387579023e-15
5	10	6	0.27504326666738776	1.730324722507615e-15
5	10	9	-0.17516787158996006	-6.768374968652505e-16
5	10	12	0.13193504455564475	2.3299914047232648e-15
5	10	15	0.1157427197261751	7.05018902284628e-16
5	10	18	-0.08210959539857197	1.0592850846314041e-15
5	10	19	0.07471166804911673	-1.0006257952562161e-15
5	10	22	0.07673684770395031	-6.885924037227851e-16
5	10	23	0.12826080821600394	-1.7073950717019155e-15
5	11	0	-0.093517477270953	-5.385154683863712e-16
5	11	1	-0.25342245737066327	-1.3367693722615058e-15
5	11	6	-0.276710921444066	-1.1319295126499618e-15
5	11	9	0.17605105825833228	2.7195169232702396e-16
5	11	12	-0.13340337263562146	-2.1342143703298204e-15
5	11	15	-0.11374332174012017	-7.309384817458299e-16
5	11	18	-0.0674812825563718	5.260321085980353e-16
5	11	19	0.07526384060696643	-6.738895106099651e-16
5	11	22	-0.0877229114526443	1.0115485704174379e-15
5	11	23	-0.019448137933159453	-4.981290884102765e-16
5	12	2	0.050971146123312126	1.3395308274084357e-15
5	12	3	-0.050943159541485115	-1.2247698301711745e-15
5	12	4	0.023024175614574444	1.1388167643525592e-15
5	12	5	0.02301585907219588	1.1310321154538464e-15
5	12	7	0.16130792205504965	1.5756126305683586e-15
5	12	8	0.16130206397847055	1.3659831245106327e-15
5	12	10	0.13193504455564486	2.3299914047232695e-15
5	12	11	-0.13340337263562163	-2.1342143703298267e-15
5	12	13	0.12225988659182256	3.266476052938639e-15
5	12	14	-0.1301213627455955	-2.1048873357067108e-15
5	12	16	-0.2634253137320005	-1.4005736194243546e-16
5	12	17	-0.2634193154515496	2.316812075183341e-16
5	12	20	-0.11960913030229149	-3.9247497451257097e-16
5	12	21	0.11850119183196446	4.559406888952177e-16
5	13	0	-0.03136824417034354	5.477550019416333e-16
5	13	1	0.13231574505673174	1.2124589104904553e-15
5	13	6	-0.11744781497742733	-3.569883238004236e-15
5	13	9	0.16134050803999836	3.770867827079915e-15
5	13	12	0.12225988659182263	3.2664760529386383e-15
5	13	15	0.1568856363302536	5.97635648760011e-16
5	13	18	-0.15211104917359536	2.714993185847483e-15
5	13	19	0.1411432609868316	-2.295498186298959e-15
5	13	22	0.12559130304533883	-2.3649491494382254e-15
5	13	23	0.15369854524536491	-3.165161134198255e-15
5	14	0	0.02813758143929503	-5.235752730387459e-16
5	14	1	-0.13214302186320487	-3.6940771485556187e-16
5	14	6	0.12171699429032745	3.29049645026589e-15
5	14	9	-0.16551930946725932	-3.222755372794623e-15
5	14	12	-0.13012136274559555	-2.104887335706708e-15
5	14	15	-0.154612984295312	-3.687374143850848e-16
5	14	18	-0.12445156586422168	1.8034908265947647e-15
5	14	19	0.1358634995187593	-2.4520815778855506e-15
5	14	22	-0.14150776503345347	2.8586624086369428e-15
5	14	23	-0.022257104270575197	-5.925154842441443e-16
5	15	2	0.048489039982551684	-6.834930615310381e-16
5	15	3	-0.04369977472374558	3.949882791913668e-16
5	15	4	-0.040769835321144414	4.0208770620431895e-16
5	15	5	-0.040890223070341604	2.779570419703283e-16
5	15	7	0.04481003858446411	1.4418108226092297e-15
5	15	8	0.044871533368943554	1.5712261100194882e-15
5	15	10	0.11574271972617522	7.050189022846315e-16
5	15	11	-0.1137433217401203	-7.309384817458335e-16
5	15	13	0.15688563633025354	5.976356487600124e-16
5	15	14	-0.15461298429531195	-3.6873741438508507e-16
5	15	16	-0.1366762579671046	-1.3584859769807071e-15
5	15	17	-0.13669162739974494	-9.056783026479628e-16
5	15	20	0.003091354857206241	-6.901101066230667e-16
5	15	21	-0.0008693653792254559	6.320990983508709e-16
5	16	0	-0.03605030113310187	-5.178362030853927e-16
5	16	1	-0.09544972172776992	-2.029354540574039e-16
5	16	6	0.19011939513319126	2.6305978239445437e-15
5	16	9	-0.14177636589928028	-2.4199708695930716e-15
5	16	12	-0.2634253137320004	-1.4005736194243507e-16
5	16	15	-0.1366762579671046	-1.3584859769807071e-15
5	16	18	-0.0006343703149010426	-5.160451809445909e-16
5	16	19	0.0025102191689598584	5.3756188176072944e-17
5	16	22	-4.8190409618250036e-05	-3.592186112374153e-16
5	16	23	-9.333014055272491e-07	1.0078294781643971e-16
5	17	0	-0.03604942339684982	-7.381368074906774e-16
5	17	1	-0.09545002178926781	7.236299274121902e-17
5	17	6	0.19011894462321174	2.3143324612019856e-15
5	17	9	-0.14177383837710242	-2.133556007538749e-15
5	17	12	-0.26341931545154945	2.3168120751833424e-16
5	17	15	-0.13669162739974489	-9.056783026479628e-16
5	17	18	0.0006344432934617814	-3.150413386299129e-16
5	17	19	0.0012377135048495112	-1.9113831274465354e-16
5	17	22	4.779496242171249e-05	-3.037134097484166e-16
5	17	23	-1.0544142604946326e-06	-1.5383752863902037e-17
5	18	2	-0.16027693968366055	5.367545238342689e-16
5	18	3	-0.1368722307852136	-2.150903343467598e-16
5	18	4	-0.006545064329680711	1.5638434732137457e-16
5	18	5	0.006544462509071227	1.4051496170034606e-16
5	18	7	0.004314287031952506	7.537084348810864e-18
5	18	8	-0.004314620341467545	1.6586007355913413e-16
5	18	10	-0.08210959539857203	1.059285084631404e-15
5	18	11	-0.06748128255637174	5.260321085980355e-16
5	18	13	-0.15211104917359536	2.7149931858474806e-15
5	18	14	-0.12445156586422171	1.803490826594765e-15
5	18	16	-0.0006343703149010441	-5.160451809445911e-16
5	18	17	0.0006344432934617684	-3.1504133862991254e-16
5	18	20	-0.11108271140356346	-4.766270087697931e-16
5	18	21	-0.09353349442785829	-6.578874553508109e-16
5	19	2	0.15023061748628122	1.3669876352505023e-16
5	19	3	0.1476956650969772	-6.459177077689641e-16
5	19	4	0.006157683152416962	1.996399185675398e-16
5	19	5	-0.006989551769577122	2.2204803499206286e-16
5	19	7	-0.005776212450005789	-7.682839208714097e-17
5	19	8	0.0028958891676339115	-1.8552996438556325e-16
5	19	10	0.07471166804911675	-1.0006257952562155e-15
5	19	11	0.07526384060696643	-6.738895106099648e-16
5	19	13	0.14114326098683147	-2.2954981862989576e-15
5	19	14	0.13586349951875928	-2.4520815778855506e-15
5	19	16	0.00251021916895985	5.3756188176073006e-17
5	19	17	0.0012377135048495178	-1.9113831274465367e-16
5	19	20	0.10505371367662776	5.598041932571025e-16
5	19	21	0.10015776802941158	4.519038317404717e-16
5	20	0	0.009992608744705436	7.274622027881293e-16
5	20	1	-0.055886637991663234	1.5648071334545773e-15
5	20	6	-0.10483206556014252	1.522655144100601e-15
5	20	9	0.09906432821693145	-1.871883523516076e-15
5	20	12	-0.11960913030229128	-3.924749745125713e-16
5	20	15	0.0030913548572063833	-6.901101066230646e-16
5	20	18	-0.11108271140356346	-4.766270087697922e-16
5	20	19	0.10505371367662776	5.598041932571026e-16
5	20	22	0.09463822895626998	6.353138107547661e-16
5	20	23	0.17451767663251147	6.50161631102445e-16
5	21	0	-0.010366867701579435	-4.738193597642573e-16
5	21	1	0.05276563177943771	-1.4688204708334098e-15
5	21	6	0.10138321896356768	-1.6664945764899724e-15
5	21	9	-0.09713150995753614	2.0874365849927556e-15
5	21	12	0.1185011918319643	4.559406888952171e-16
5	21	15	-0.0008693653792256122	6.320990983508695e-16
5	21	18	-0.0935334944278583	-6.578874553508116e-16
5	21	19	0.10015776802941162	4.519038317404721e-16
5	21	22	-0.11057612264319476	-3.295690401360539e-16
5	21	23	-0.026351428579640724	-1.160546563818471e-15
5	22	2	0.12135467834274188	-2.886762475573488e-17
5	22	3	-0.14380554062332904	3.090440185399965e-16
5	22	4	-0.0006981667926780129	1.2448050228572803e-16
5	22	5	0.0007073085602939237	-6.252908502538857e-17
5	22	7	0.0005183320053021358	-7.27370349324966e-17
5	22	8	-0.0005123181185158918	3.648157371681053e-16
5	22	10	0.07673684770395034	-6.885924037227851e-16
5	22	11	-0.08772291145264423	1.0115485704174375e-15
5	22	13	0.1255913030453388	-2.364949149438224e-15
5	22	14	-0.1415077650334536	2.858662408636943e-15
5	22	16	-4.819040961823936e-05	-3.592186112374154e-16
5	22	17	4.779496242171977e-05	-3.0371340974841666e-16
5	22	20	0.09463822895627	6.353138107547665e-16
5	22	21	-0.1105761226431947	-3.295690401360534e-16
5	23	2	0.17470009746598228	-5.638030962187024e-16
5	23	3	-0.02661020222398616	-1.1119672212745516e-15
5	23	4	1.1131306829038001e-06	3.281199395020464e-19
5	23	5	1.0438760396547057e-06	-5.730943601515836e-17
5	23	7	-2.850245599008743e-08	-2.2823489928456187e-17
5	23	8	1.0641383649195381e-08	1.9524524742344845e-16
5	23	10	0.1282608082160041	-1.7073950717019171e-15
5	23	11	-0.019448137933159464	-4.981290884102759e-16
5	23	13	0.15369854524536486	-3.165161134198255e-15
5	23	14	-0.02225710427057523	-5.925154842441446e-16
5	23	16	-9.33301405518874e-07	1.007829478164397e-16
5	23	17	-1.0544142604836292e-06	-1.5383752863902274e-17
5	23	20	0.17451767663251155	6.501616311024462e-16
5	23	21	-0.026351428579640738	-1.160546563818471e-15
6	0	0	2.238674754107284e-05	-4.6973278080174844e-17
6	0	1	3.6601927551827073e-06	-8.381477720971895e-19
6	0	6	-6.219350499447514e-06	7.113267069406588e-18
6	0	9	5.20952385971584e-07	-2.6064779231499917e-18
6	0	12	-4.049544891479195e-06	-8.208560106769928e-18
6	0	15	0.0003078757369891013	-3.0935422599178916e-17
6	0	18	0.023890685962836486	2.5563358442419687e-17
6	0	19	0.023966804067368817	3.179018426493485e-17
6	0	22	0.002011728396641407	2.237654004876117e-18
6	1	0	3.660192755180351e-06	-8.381477720971981e-19
6	1	1	-1.7035653028089141e-06	1.9704872891539313e-18
6	1	6	-3.718691800336728e-06	1.9388597798363073e-18
6	1	9	1.4224294148867007e-06	9.44407435756874e-19
6	1	12	5.940106888134e-06	2.0925378637632014e-18
6	1	15	2.830839169107013e-05	-2.2571531940073004e-18
6	1	18	0.0022622388478418767	3.4952773719709436e-17
6	1	19	0.002270038074349804	3.6222202530681066e-17
6	1	22	0.00020072292470297564	-3.3478117221792484e-19
6	2	2	0.03347357759690762	2.8650539554181036e-17
6	2	3	0.033415837972632936	1.2599490769560825e-17
6	2	10	-0.010038628810583506	-2.830983585429556e-17
6	2	11	-0.009981786904152919	-3.777640459327919e-17
6	2	13	-0.003331168982786766	1.5707950013207328e-16
6	2	14	-0.0031395699543700214	1.6086890340289034e-16
6	2	20	0.0011303625537831725	-1.0950309943865887e-16
6	2	21	0.0012330730026780083	-8.581241032685486e-17
6	3	2	0.03341583797263296	1.2599490769560838e-17
6	3	3	0.03343849296073531	-5.555266833025664e-18
6	3	10	-0.009962142190377644	-3.298814005932945e-17
6	3	11	-0.00998102074127616	-3.860972136001285e-17
6	3	13	-0.0035656126651679703	1.646577315273809e-16
6	3	14	-0.0031820945751052532	1.5738755412791607e-16
6	3	20	0.0014132552793582407	-1.1376756786563616e-16
6	3	21	0.0012882175054589255	-8.369119846747729e-17
6	4	4	0.031043938896865287	5.376239783541065e-18
6	4	5	-0.031043959040432223	-2.4808246106150598e-18
6	4	7	0.01471474577186737	8.143911761740667e-17
6	4	8	-0.014714742154745754	-7.188244681264877e-17
6	4	16	0.0020610740302465726	5.142472319338656e-17
6	4	17	-0.002060990853033993	-3.0713068314171285e-17
6	5	4	-0.031043959040432233	-2.4808246106150394e-18
6	5	5	0.03104397745107698	-4.120846555551262e-19
6	5	7	-0.014714831011107475	-8.2504287368792e-17
6	5	8	0.014714828614866332	7.295034027985403e-17
6	5	16	-0.0020609701063513384	-5.576360536960495e-17
6	5	17	0.0020608865098388665	3.4934209366445803e-17
6	6	0	-6.219350499447433e-06	7.11326706940657e-18
6	6	1	-3.718691800337405e-06	1.938859779836295e-18
6	6	6	-1.0992592770251127e-05	-4.617231042113819e-19
6	6	9	-1.3608948687180616e-05	1.0817191832082448e-18
6	6	12	-2.5288771068339663e-05	6.967948801297834e-19
6	6	15	1.3449454707977234e-05	1.2528453052308903e-18
6	6	18	0.0011881492804465832	-8.068515301213251e-17
6	6	19	0.0011958173706095472	-8.757425971081727e-17
6	6	22	0.0001666130318609234	-2.0562659937593168e-17
6	7	4	0.014714745771867373	8.143911761740657e-17
6	7	5	-0.014714831011107474	-8.250428736879187e-17
6	7	7	-0.022566775867496225	-4.616351384731656e-17
6	7	8	0.0225668041083967	7.661253551647951e-17
6	7	16	-0.013545666507453407	-7.822210809435307e-17
6	7	17	0.01354569043559973	7.731124631829735e-17
6	8	4	-0.014714742154745766	-7.188244681264863e-17
6	8	5	0.01471482861486634	7.295034027985396e-17
6	8	7	0.022566804108396708	7.66125355164795e-17
6	8	8	-0.02256683211069201	-1.0704315720728958e-16
6	8	16	0.013545436321336162	6.31030009632729e-17
6	8	17	-0.013545459543973442	-6.217790379014782e-17
6	9	0	5.209523859709305e-07	-2.6064779231500037e-18
6	9	1	1.42242941488694e-06	9.444074357568784e-19
6	9	6	-1.360894868718193e-05	1.0817191832082118e-18
6	9	9	-1.1170006140773197e-06	2.543302242476862e-19
6	9	12	2.7491425534121342e-06	1.9220825448768775e-18
6	9	15	-1.3916977534228853e-05	-6.896205559700852e-19
6	9	18	-0.0008480808980060166	2.6106317016811102e-18
6	9	19	-0.0008508129019616522	3.1832045666929905e-18
6	9	22	-7.558877614347784e-05	5.211443082788032e-18
6	10	2	-0.010038628810583513	-2.8309835854295546e-17
6	10	3	-0.009962142190377648	-3.298814005932945e-17
6	10	10	-0.020079714695793522	-8.836576174809227e-17
6	10	11	-0.020145700494170304	-1.1187596368278249e-16
6	10	13	0.010694248530123861	3.1648279600581107e-16
6	10	14	0.011098365492489538	2.8055159804692964e-16
6	10	20	0.006326128609128403	-1.2559617977670995e-16
6	10	21	0.006115035915607453	-1.0163336306546867e-16
6	11	2	-0.009981786904152922	-3.777640459327918e-17
6	11	3	-0.009981020741276166	-3.8609721360012836e-17
6	11	10	-0.020145700494170294	-1.1187596368278258e-16
6	11	11	-0.02022006970367012	-1.3477122059397947e-16
6	11	13	0.010843086783431937	3.244404760214899e-16
6	11	14	0.011179347273951154	2.943950973131191e-16
6	11	20	0.0064171793532489495	-1.2218453414470196e-16
6	11	21	0.006174556860210176	-9.632750971646335e-17
6	12	0	-4.049544891480332e-06	-8.208560106769908e-18
6	12	1	5.9401068881336505e-06	2.0925378637631984e-18
6	12	6	-2.528877106833981e-05	6.967948801297999e-19
6	12	9	2.749142553411508e-06	1.9220825448768586e-18
6	12	12	7.873694302954624e-06	1.186338524529907e-18
6	12	15	-7.205133574410348e-07	-4.256577271594886e-18
6	12	18	0.0018324140171796536	3.478898487918117e-17
6	12	19	0.0018419841586452713	3.474268491270382e-17
6	12	22	0.0002073728419323803	4.243654198852612e-18
6	13	2	-0.0033311689827867667	1.570795001320732e-16
6	13	3	-0.00356561266516797	1.6465773152738096e-16
6	13	10	0.010694248530123867	3.164827960058114e-16
6	13	11	0.01084308678343194	3.2444047602149023e-16
6	13	13	0.007254601203867951	2.639526199994571e-16
6	13	14	0.007167995291733488	2.835831160937662e-16
6	13	20	-0.0053312365665201845	-2.874466191308905e-17
6	13	21	-0.004990255853843093	-6.63389573297258e-17
6	14	2	-0.0031395699543700275	1.608689034028902e-16
6	14	3	-0.0031820945751052532	1.5738755412791614e-16
6	14	10	0.011098365492489553	2.805515980469299e-16
6	14	11	0.011179347273951161	2.943950973131193e-16
6	14	13	0.007167995291733486	2.8358311609376624e-16
6	14	14	0.00739414700956786	2.761231378189953e-16
6	14	20	-0.005225251499095371	-2.6212512447085644e-17
6	14	21	-0.005080370899582268	-5.316240957952639e-17
6	15	0	0.00030787573698910244	-3.0935422599178935e-17
6	15	1	2.8308391691069828e-05	-2.2571531940073054e-18
6	15	6	1.3449454707978389e-05	1.2528453052308668e-18
6	15	9	-1.3916977534229463e-05	-6.896205559700707e-19
6	15	12	-7.205133574392678e-07	-4.256577271594898e-18
6	15	15	0.00028256089561032744	-2.2374644579745245e-17
6	15	18	0.009877196265794764	-1.2388535656127068e-16
6	15	19	0.00988320131308275	-1.174887843273753e-16
6	15	22	0.00048526377215527667	5.726550986561411e-18
6	16	4	0.0020610740302465756	5.1424723193386524e-17
6	16	5	-0.0020609701063513375	-5.576360536960482e-17
6	16	7	-0.013545666507453412	-7.822210809435333e-17
6	16	8	0.013545436321336172	6.310300096327318e-17
6	16	16	0.01543503770130587	9.18436405497707e-17
6	16	17	-0.015435144305239705	-8.422681525095715e-17
6	17	4	-0.0020609908530339963	-3.0713068314171304e-17
6	17	5	0.0020608865098388674	3.493420936644576e-17
6	17	7	0.01354569043559975	7.731124631829761e-17
6	17	8	-0.013545459543973449	-6.217790379014813e-17
6	17	16	-0.015435144305239708	-8.422681525095711e-17
6	17	17	0.015435251014943639	7.655805348033219e-17
6	18	0	0.02389068596283648	2.5563358442419665e-17
6	18	1	0.0022622388478418794	3.4952773719709355e-17
6	18	6	0.0011881492804465782	-8.068515301213251e-17
6	18	9	-0.0008480808980060107	2.6106317016811133e-18
6	18	12	0.0018324140171796528	3.4788984879181064e-17
6	18	15	0.009877196265794762	-1.2388535656127078e-16
6	18	18	0.003500762616084157	-1.8867311834291174e-17
6	18	19	0.001950139184723512	2.2808334492560113e-17
6	18	22	-0.02053421613416285	7.095766972115033e-17
6	19	0	0.023966804067368813	3.179018426493479e-17
6	19	1	0.0022700380743497996	3.622220253068099e-17
6	19	6	0.0011958173706095422	-8.757425971081736e-17
6	19	9	-0.000850812901961648	3.183204566693e-18
6	19	12	0.0018419841586452693	3.474268491270377e-17
6	19	15	0.009883201313082759	-1.1748878432737547e-16
6	19	18	0.0019501391847235121	2.2808334492560103e-17
6	19	19	0.00039069939662064593	6.327829829421781e-17
6	19	22	-0.02071435484962786	6.468481846952582e-17
6	20	2	0.0011303625537831766	-1.0950309943865896e-16
6	20	3	0.0014132552793582466	-1.1376756786563628e-16
6	20	10	0.0063261286091284025	-1.2559617977671002e-16
6	20	11	0.006417179353248946	-1.2218453414470199e-16
6	20	13	-0.00533123656652018	-2.874466191308872e-17
6	20	14	-0.005225251499095367	-2.6212512447085363e-17
6	20	20	-0.004897766580015842	4.577288334926082e-17
6	20	21	-0.004722522506963443	2.980573806690375e-17
6	21	2	0.001233073002678012	-8.581241032685493e-17
6	21	3	0.0012882175054589314	-8.36911984674774e-17
6	21	10	0.006115035915607452	-1.0163336306546866e-16
6	21	11	0.006174556860210176	-9.632750971646332e-17
6	21	13	-0.004990255853843091	-6.633895732972566e-17
6	21	14	-0.005080370899582269	-5.316240957952628e-17
6	21	20	-0.004722522506963442	2.980573806690372e-17
6	21	21	-0.004667003409757862	1.884822233021687e-17
6	22	0	0.002011728396641403	2.237654004876119e-18
6	22	1	0.00020072292470297456	-3.347811722179446e-19
6	22	6	0.00016661303186092004	-2.0562659937593192e-17
6	22	9	-7.558877614347721e-05	5.211443082788018e-18
6	22	12	0.0002073728419323782	4.2436541988525835e-18
6	22	15	0.00048526377215527407	5.726550986561396e-18
6	22	18	-0.020534216134162845	7.095766972115038e-17
6	22	19	-0.02071435484962784	6.46848184695258e-17
6	22	22	-0.0032247090920056324	2.8275842166685446e-17
6	23	23	0.018651829686773078	-1.3611851908861132e-16
7	0	2	0.5488623977318552	2.4839422222743205e-16
7	0	3	0.5488483037073861	-1.3114623385399221e-16
7	0	4	0.46610905785187773	1.0684612148912114e-17
7	0	5	-0.4661079134684455	-5.43736977793063e-16
7	0	7	-0.12349678862918384	-9.962571035657569e-16
7	0	8	0.12349694548788581	1.1821572310875988e-15
7	0	10	0.09393028181354893	4.2577524266123544e-16
7	0	11	0.09351747727095287	6.900096433387464e-16
7	0	13	-0.031368244170343035	5.07984161703337e-16
7	0	14	-0.02813758143929505	1.0310303640199897e-15
7	0	16	0.03605030113310172	8.094720724512786e-16
7	0	17	-0.0360494233968502	-6.405307696772813e-16
7	0	20	0.009992608744705882	2.0796252225181154e-16
7	0	21	0.010366867701578943	9.164667881822482e-16
7	1	2	-0.2415732761307181	-2.512536682609764e-16
7	1	3	-0.2420793246322048	3.575893662440361e-17
7	1	4	-0.3299341401913376	-6.296735100448235e-17
7	1	5	0.3299337539498018	3.631494826114863e-16
7	1	7	-0.3143142785059728	-1.2936786383311084e-15
7	1	8	0.3143148378517738	1.2923333693448633e-15
7	1	10	0.25276845482009347	1.3447823974282995e-15
7	1	11	0.2534224573706632	1.8947560104745546e-15
7	1	13	0.13231574505673183	8.905256614469526e-16
7	1	14	0.1321430218632053	6.42529912814104e-16
7	1	16	0.09544972172777007	4.908156065022334e-16
7	1	17	-0.09545002178926754	-5.15407586849702e-16
7	1	20	-0.055886637991663005	1.8725995502867736e-15
7	1	21	-0.05276563177943749	1.5445229898393715e-15
7	2	0	0.5488623977318553	2.483942222274324e-16
7	2	1	-0.24157327613071797	-2.512536682609763e-16
7	2	6	-0.04349926457684357	-1.335189421876339e-15
7	2	9	-0.07346931176406667	-4.574917096356121e-16
7	2	12	0.050971146123311425	1.2348305306917676e-15
7	2	15	0.04848903998255167	-6.187000712197868e-16
7	2	18	0.16027693968366116	-1.7794582011340095e-16
7	2	19	0.15023061748628128	3.019817088968597e-16
7	2	22	-0.12135467834274213	3.975714012353733e-16
7	2	23	0.17470009746598203	-5.164273435369754e-16
7	3	0	0.5488483037073857	-1.311462338539919e-16
7	3	1	-0.24207932463220447	3.575893662440319e-17
7	3	6	-0.04328231175598982	-1.4335228279142557e-15
7	3	9	-0.07378971346298213	-3.4594115000208713e-16
7	3	12	0.05094315954148542	1.078677239690854e-15
7	3	15	0.04369977472374581	-3.4703456319280734e-16
7	3	18	-0.1368722307852129	4.090046705848338e-16
7	3	19	-0.1476956650969773	6.636419710258858e-16
7	3	22	-0.14380554062332984	4.949824203870018e-16
7	3	23	0.02661020222398651	1.1925166359327408e-15
7	4	0	0.4661090578518774	1.0684612148912957e-17
7	4	1	-0.32993414019133727	-6.29673510044826e-17
7	4	6	0.08192982831572827	-2.2777693715157373e-16
7	4	9	-0.09968354848024667	-8.062012316293506e-16
7	4	12	0.02302417561457423	9.85345305012789e-16
7	4	15	-0.04076983532114431	2.337690346361242e-16
7	4	18	0.006545064329681404	2.542366982947293e-16
7	4	19	0.006157683152416916	2.7163531254728863e-16
7	4	22	0.0006981667926775293	1.3375126660818128e-16
7	4	23	1.113130682910654e-06	-9.201330442373559e-18
7	5	0	-0.4661079134684458	-5.437369777930635e-16
7	5	1	0.32993375394980184	3.6314948261148625e-16
7	5	6	-0.08193102581868769	2.745506287283202e-16
7	5	9	0.09968701967489178	8.825631033494291e-16
7	5	12	-0.02301585907219589	-1.0291220808350484e-15
7	5	15	0.04089022307034154	-2.428320915812297e-16
7	5	18	0.00654446250907024	-1.9050944356046297e-16
7	5	19	0.0069895517695769205	-2.4878318515812233e-16
7	5	22	0.0007073085602945384	-2.60039635056897e-16
7	5	23	-1.043876040049932e-06	2.4567309194240842e-17
7	6	2	-0.04349926457684332	-1.3351894218763404e-15
7	6	3	-0.04328231175598962	-1.4335228279142572e-15
7	6	4	0.08192982831572848	-2.277769371515768e-16
7	6	5	-0.0819310258186879	2.745506287283214e-16
7	6	7	-0.3487914293958993	-6.188895826685444e-16
7	6	8	0.3487894667133655	1.199395210029584e-15
7	6	10	0.27504326666738715	1.2141154277530298e-15
7	6	11	0.2767109214440659	1.7421273974121117e-15
7	6	13	-0.11744781497742691	-3.640118688669612e-15
7	6	14	-0.12171699429032705	-2.7298960447972256e-15
7	6	16	-0.19011939513319015	-2.391320314034296e-15
7	6	17	0.19011894462321166	1.6007277226401677e-15
7	6	20	-0.10483206556014356	1.6443285478967701e-15
7	6	21	-0.10138321896356757	1.3213791319189702e-15
7	7	0	-0.1234967886291838	-9.962571035657575e-16
7	7	1	-0.31431427850597277	-1.2936786383311062e-15
7	7	6	-0.34879142939589913	-6.188895826685441e-16
7	7	9	0.12550629671012756	-2.0455460723258922e-16
7	7	12	-0.16130792205504976	-1.3064053861652325e-15
7	7	15	-0.04481003858446383	-1.3446473251434368e-15
7	7	18	0.004314287031952282	-9.992100654157227e-17
7	7	19	0.005776212450005981	7.405376985065168e-17
7	7	22	0.0005183320053024509	-2.758437776450321e-16
7	7	23	2.8502456317212243e-08	5.84911284394569e-17
7	8	0	0.1234969454878857	1.1821572310875976e-15
7	8	1	0.3143148378517739	1.2923333693448607e-15
7	8	6	0.3487894667133655	1.1993952100295835e-15
7	8	9	-0.12550857080755032	-1.8834052703236557e-16
7	8	12	0.1613020639784707	1.014363364907762e-15
7	8	15	0.044871533368943714	1.1370841814268365e-15
7	8	18	0.0043146203414676015	4.463584622651195e-16
7	8	19	0.002895889167633694	1.613782386337703e-16
7	8	22	0.0005123181185151224	2.2081053802124397e-16
7	8	23	1.0641383789121562e-08	1.1596935473874695e-16
7	9	2	-0.07346931176406672	-4.574917096356116e-16
7	9	3	-0.07378971346298216	-3.459411500020867e-16
7	9	4	-0.0996835484802467	-8.062012316293496e-16
7	9	5	0.09968701967489184	8.825631033494282e-16
7	9	7	0.1255062967101275	-2.0455460723259057e-16
7	9	8	-0.1255085708075505	-1.8834052703236478e-16
7	9	10	-0.17516787158995958	-2.5380814213516235e-16
7	9	11	-0.17605105825833206	-5.511977392651545e-16
7	9	13	0.16134050803999825	3.8579679785009294e-15
7	9	14	0.16551930946725912	3.1043847585488124e-15
7	9	16	0.14177636589927964	2.4542911019170607e-15
7	9	17	-0.1417738383771024	-1.6212053145634081e-15
7	9	20	0.0990643282169324	-1.83618288098586e-15
7	9	21	0.09713150995753612	-1.5562214064867723e-15
7	10	0	0.09393028181354879	4.25775242661236e-16
7	10	1	0.2527684548200934	1.3447823974282962e-15
7	10	6	0.2750432666673873	1.2141154277530277e-15
7	10	9	-0.17516787158995967	-2.5380814213516176e-16
7	10	12	0.13193504455564423	2.094753420502423e-15
7	10	15	0.11574271972617502	5.998856723342558e-16
7	10	18	0.0821095953985724	-9.913183534606541e-16
7	10	19	0.07471166804911698	-8.515046393279126e-16
7	10	22	-0.07673684770395049	9.888466262489501e-16
7	10	23	0.12826080821600372	-1.7008326806176252e-15
7	11	0	0.09351747727095276	6.900096433387472e-16
7	11	1	0.2534224573706632	1.894756010474555e-15
7	11	6	0.2767109214440658	1.7421273974121127e-15
7	11	9	-0.1760510582583322	-5.51197739265157e-16
7	11	12	0.1334033726356217	2.2501431381601734e-15
7	11	15	0.11374332174012028	9.527237902979807e-16
7	11	18	-0.06748128255637169	8.859054332152372e-16
7	11	19	-0.07526384060696666	8.880882899664138e-16
7	11	22	-0.08772291145264492	9.630345815201328e-16
7	11	23	0.019448137933159474	8.462317508086925e-16
7	12	2	0.05097114612331145	1.2348305306917688e-15
7	12	3	0.05094315954148548	1.0786772396908556e-15
7	12	4	0.02302417561457433	9.853453050127886e-16
7	12	5	-0.023015859072195867	-1.02912208083505e-15
7	12	7	-0.16130792205504998	-1.3064053861652388e-15
7	12	8	0.16130206397847094	1.0143633649077654e-15
7	12	10	0.13193504455564442	2.094753420502429e-15
7	12	11	0.13340337263562196	2.2501431381601777e-15
7	12	13	0.12225988659182283	3.0362913667821607e-15
7	12	14	0.13012136274559574	2.3350941583845047e-15
7	12	16	0.26342531373200107	3.858404464127959e-16
7	12	17	-0.2634193154515495	2.0441037421841125e-17
7	12	20	-0.11960913030229048	-3.7878043665517985e-16
7	12	21	-0.11850119183196471	-2.1871543059931695e-16
7	13	0	-0.031368244170343125	5.079841617033362e-16
7	13	1	0.13231574505673188	8.905256614469538e-16
7	13	6	-0.11744781497742693	-3.640118688669619e-15
7	13	9	0.16134050803999836	3.8579679785009365e-15
7	13	12	0.12225988659182269	3.036291366782159e-15
7	13	15	0.15688563633025365	4.929033451278754e-16
7	13	18	0.15211104917359536	-2.7173260945371716e-15
7	13	19	0.14114326098683175	-1.9792016967514846e-15
7	13	22	-0.1255913030453387	2.641601469043765e-15
7	13	23	0.15369854524536455	-3.144039797546368e-15
7	14	0	-0.02813758143929517	1.031030364019989e-15
7	14	1	0.1321430218632053	6.425299128141056e-16
7	14	6	-0.12171699429032705	-2.729896044797228e-15
7	14	9	0.1655193094672592	3.1043847585488167e-15
7	14	12	0.13012136274559577	2.3350941583844995e-15
7	14	15	0.15461298429531217	5.438410563911583e-16
7	14	18	-0.12445156586422194	1.9960358515093457e-15
7	14	19	-0.13586349951875923	2.5004159173160728e-15
7	14	22	-0.14150776503345397	2.7903778321128596e-15
7	14	23	0.022257104270575593	6.236722794457383e-16
7	15	2	0.0484890399825516	-6.187000712197867e-16
7	15	3	0.04369977472374579	-3.470345631928074e-16
7	15	4	-0.04076983532114431	2.337690346361242e-16
7	15	5	0.04089022307034157	-2.4283209158122954e-16
7	15	7	-0.04481003858446391	-1.3446473251434413e-15
7	15	8	0.0448715333689438	1.1370841814268375e-15
7	15	10	0.11574271972617513	5.998856723342601e-16
7	15	11	0.11374332174012038	9.527237902979846e-16
7	15	13	0.1568856363302536	4.929033451278763e-16
7	15	14	0.1546129842953121	5.438410563911593e-16
7	15	16	0.1366762579671041	1.441234736244492e-15
7	15	17	-0.13669162739974472	-9.291666971028723e-16
7	15	20	0.0030913548572069835	-6.491094828611399e-16
7	15	21	0.0008693653792254273	-4.332157509964518e-16
7	16	0	0.03605030113310168	8.094720724512761e-16
7	16	1	0.0954497217277702	4.908156065022337e-16
7	16	6	-0.1901193951331904	-2.391320314034297e-15
7	16	9	0.1417763658992796	2.4542911019170674e-15
7	16	12	0.263425313732001	3.858404464127942e-16
7	16	15	0.13667625796710417	1.4412347362444929e-15
7	16	18	-0.0006343703149023789	-1.1721182162541378e-16
7	16	19	-0.0025102191689609517	4.874248063241461e-17
7	16	22	-4.8190409617200894e-05	-3.502315672791287e-16
7	16	23	9.33301403747699e-07	6.422924446994673e-17
7	17	0	-0.03604942339685021	-6.405307696772792e-16
7	17	1	-0.09545002178926759	-5.154075868497024e-16
7	17	6	0.19011894462321188	1.6007277226401714e-15
7	17	9	-0.1417738383771024	-1.6212053145634115e-15
7	17	12	-0.2634193154515493	2.0441037421842515e-17
7	17	15	-0.13669162739974483	-9.291666971028733e-16
7	17	18	-0.0006344432934611814	-4.0354269295867504e-16
7	17	19	0.0012377135048498252	-5.322805196917478e-16
7	17	22	-4.779496242145805e-05	-2.0321802915447017e-16
7	17	23	-1.0544142606571134e-06	7.373714237776636e-17
7	18	2	0.16027693968366116	-1.779458201134011e-16
7	18	3	-0.13687223078521304	4.0900467058483435e-16
7	18	4	0.0065450643296814095	2.542366982947295e-16
7	18	5	0.006544462509070202	-1.90509443560463e-16
7	18	7	0.004314287031952255	-9.992100654157239e-17
7	18	8	0.004314620341467573	4.463584622651197e-16
7	18	10	0.08210959539857253	-9.913183534606533e-16
7	18	11	-0.06748128255637165	8.85905433215237e-16
7	18	13	0.15211104917359528	-2.717326094537169e-15
7	18	14	-0.12445156586422197	1.9960358515093453e-15
7	18	16	-0.0006343703149023671	-1.1721182162541395e-16
7	18	17	-0.0006344432934611719	-4.0354269295867534e-16
7	18	20	0.11108271140356332	5.134899750009188e-16
7	18	21	-0.09353349442785829	-3.5211760179983573e-16
7	19	2	0.15023061748628125	3.019817088968584e-16
7	19	3	-0.1476956650969773	6.636419710258858e-16
7	19	4	0.006157683152416912	2.716353125472887e-16
7	19	5	0.006989551769576885	-2.48783185158122e-16
7	19	7	0.005776212450005962	7.405376985065175e-17
7	19	8	0.002895889167633668	1.6137823863377039e-16
7	19	10	0.07471166804911707	-8.515046393279117e-16
7	19	11	-0.07526384060696666	8.880882899664134e-16
7	19	13	0.14114326098683166	-1.9792016967514834e-15
7	19	14	-0.13586349951875937	2.5004159173160744e-15
7	19	16	-0.002510219168960935	4.8742480632414154e-17
7	19	17	0.0012377135048498278	-5.322805196917476e-16
7	19	20	0.10505371367662797	8.406381010611292e-16
7	19	21	-0.10015776802941141	-2.039888449143501e-16
7	20	0	0.009992608744705913	2.0796252225181048e-16
7	20	1	-0.05588663799166306	1.8725995502867736e-15
7	20	6	-0.10483206556014353	1.6443285478967713e-15
7	20	9	0.09906432821693249	-1.83618288098586e-15
7	20	12	-0.11960913030229034	-3.787804366551788e-16
7	20	15	0.0030913548572071097	-6.49109482861138e-16
7	20	18	0.11108271140356335	5.134899750009181e-16
7	20	19	0.10505371367662807	8.406381010611285e-16
7	20	22	-0.09463822895626933	-4.631641772973164e-16
7	20	23	0.17451767663251122	6.345081746533327e-16
7	21	0	0.01036686770157899	9.164667881822464e-16
7	21	1	-0.052765631779437536	1.544522989839372e-15
7	21	6	-0.10138321896356756	1.3213791319189702e-15
7	21	9	0.09713150995753617	-1.5562214064867719e-15
7	21	12	-0.11850119183196454	-2.1871543059931722e-16
7	21	15	0.0008693653792255571	-4.3321575099645053e-16
7	21	18	-0.09353349442785835	-3.521176017998356e-16
7	21	19	-0.10015776802941145	-2.0398884491435004e-16
7	21	22	-0.11057612264319504	-6.439323178074975e-16
7	21	23	0.02635142857964132	1.5602318106234853e-15
7	22	2	-0.12135467834274208	3.975714012353736e-16
7	22	3	-0.1438055406233298	4.949824203870021e-16
7	22	4	0.0006981667926775462	1.3375126660818118e-16
7	22	5	0.0007073085602945156	-2.600396350568969e-16
7	22	7	0.0005183320053024417	-2.75843777645032e-16
7	22	8	0.0005123181185151338	2.2081053802124375e-16
7	22	10	-0.0767368477039505	9.8884662624895e-16
7	22	11	-0.08772291145264483	9.630345815201335e-16
7	22	13	-0.12559130304533864	2.6416014690437664e-15
7	22	14	-0.14150776503345408	2.7903778321128624e-15
7	22	16	-4.819040961719168e-05	-3.502315672791287e-16
7	22	17	-4.779496242147296e-05	-2.0321802915447022e-16
7	22	20	-0.09463822895626936	-4.631641772973167e-16
7	22	21	-0.11057612264319505	-6.439323178074971e-16
7	23	2	0.17470009746598195	-5.16427343536976e-16
7	23	3	0.026610202223986475	1.1925166359327394e-15
7	23	4	1.1131306828866397e-06	-9.201330442373591e-18
7	23	5	-1.0438760400433823e-06	2.4567309194241147e-17
7	23	7	2.8502456298553695e-08	5.84911284394572e-17
7	23	8	1.064138376502828e-08	1.159693547387473e-16
7	23	10	0.12826080821600389	-1.7008326806176256e-15
7	23	11	0.01944813793315947	8.462317508086918e-16
7	23	13	0.15369854524536458	-3.144039797546367e-15
7	23	14	0.022257104270575596	6.236722794457388e-16
7	23	16	9.333014037526859e-07	6.42292444699465e-17
7	23	17	-1.0544142606453922e-06	7.373714237776616e-17
7	23	20	0.17451767663251133	6.345081746533353e-16
7	23	21	0.026351428579641303	1.5602318106234845e-15
8	0	0	0.569250656568389	-1.6720721298764401e-15
8	0	1	-0.5710337339692121	-1.7593054380325569e-16
8	0	6	-0.32441402189899526	-2.619212077512811e-15
8	0	9	0.07348148850057414	1.1805310643982369e-15
8	0	12	0.11982947804848733	1.2852556181167495e-15
8	0	15	-0.0062066931405697304	-1.0224263000504837e-16
8	0	19	-0.001010974638676617	5.047308920058985e-16
8	0	23	-0.00015367376007959467	-1.2730589130000744e-16
8	1	0	-0.5710337339692124	-1.7593054380325697e-16
8	1	1	0.34486236953052013	2.6012398970576533e-16
8	1	6	-0.1552277456914702	7.3769882462913e-17
8	1	9	0.3105236446557159	2.2444070752311195e-15
8	1	12	0.020125750269968438	-1.7913605388892774e-15
8	1	15	0.18152349378015226	1.3006388982048665e-15
8	1	19	-0.0026033275542114505	-4.8254043483127124e-17
8	1	23	-0.0002445255697061659	-3.648589919576815e-18
8	2	2	0.22796039140509233	-3.7155579521470086e-16
8	2	4	-0.0001368282892987149	-9.778474070498927e-17
8	2	8	0.0002605407341822605	2.1381130026623326e-16
8	2	10	0.13453501438090162	-1.7655424526567576e-15
8	2	13	0.17561854288968448	-1.5078507895424197e-15
8	2	17	0.0003574017526170378	-1.796558235364632e-16
8	2	20	0.1795277730393522	9.763964702045004e-16
8	3	3	-0.22594604755930037	4.1631967788444055e-16
8	3	5	-0.00013663060511800727	-1.4269017517094599e-16
8	3	7	0.0002606340011873863	-2.1253265864325668e-16
8	3	11	-0.131095578058359	1.6378852580617186e-15
8	3	14	-0.1719038858296805	1.5789316139837003e-15
8	3	16	0.0003578226574525585	-4.778174178417763e-16
8	3	21	-0.17802098985062406	-7.979869366924832e-16
8	4	2	-0.00013682828929871077	-9.778474070498947e-17
8	4	4	-0.006648553908331271	-4.808877825610687e-16
8	4	8	0.16006923446737792	5.841249751038798e-17
8	4	10	0.00020924113732329394	-9.727574286330119e-17
8	4	13	-0.0002839366876587424	2.0873132962266186e-17
8	4	17	-0.11418257647449401	1.0668438235283531e-16
8	4	20	0.0002072326873885192	-3.26923805632458e-17
8	5	3	-0.00013663060511798672	-1.4269017517094596e-16
8	5	5	0.006648775178133792	4.873488850783916e-16
8	5	7	-0.16007031200003605	-1.015299303395257e-16
8	5	11	0.00020756180025690449	-4.46002332399473e-17
8	5	14	-0.0002911823454138595	-3.9057211113666294e-16
8	5	16	0.11418352519917835	-2.338432037796748e-16
8	5	21	0.00021429662688275463	-7.985111772303701e-17
8	6	0	-0.324414021898995	-2.619212077512812e-15
8	6	1	-0.15522774569147044	7.376988246291658e-17
8	6	6	-0.4360228620939953	-8.311091574663984e-17
8	6	9	0.31377214385859	5.999217455897313e-16
8	6	12	-0.16694872302388505	-3.1421756529002697e-15
8	6	15	-0.10358924082828418	-2.2734422301633176e-15
8	6	19	0.002384081372657819	1.296145374040216e-16
8	6	23	0.00029901637374691356	-1.423956767849119e-17
8	7	3	0.00026063400118742037	-2.1253265864325695e-16
8	7	5	-0.160070312000036	-1.0152993033952473e-16
8	7	7	-0.17220310689521257	3.332797621550834e-16
8	7	11	-0.0003995066258499183	-8.131265405297056e-17
8	7	14	0.00033515073217046194	-8.917726895343373e-17
8	7	16	-0.03908995419182846	-1.2933803613969489e-15
8	7	21	-0.00015541894168400933	-5.2926155049827733e-17
8	8	2	0.0002605407341823028	2.1381130026623275e-16
8	8	4	0.1600692344673779	5.841249751038684e-17
8	8	8	0.1722008568511849	-2.980382603532191e-17
8	8	10	-0.00040012213598836774	1.526103448186936e-17
8	8	13	0.0003215153336233555	7.33887635594846e-17
8	8	17	0.03908878540372855	1.0124960962153995e-15
8	8	20	-0.0001447074321997791	3.220168936427358e-17
8	9	0	0.07348148850057401	1.1805310643982369e-15
8	9	1	0.3105236446557159	2.244407075231118e-15
8	9	6	0.3137721438585896	5.999217455897293e-16
8	9	9	-0.16556744937770243	2.0936969815549938e-15
8	9	12	0.25490291705178975	2.9075591108367965e-15
8	9	15	0.11945223447420465	3.2852282133913934e-15
8	9	19	-0.0025389446935197924	-1.4015755430081672e-16
8	9	23	0.00021004711857011213	-2.466438921911901e-17
8	10	2	0.1345350143809015	-1.7655424526567583e-15
8	10	4	0.00020924113732327662	-9.727574286330112e-17
8	10	8	-0.00040012213598839886	1.526103448186991e-17
8	10	10	0.07035086776287275	-2.0618504523411444e-15
8	10	13	0.11913781838518787	-3.0582598407279267e-15
8	10	17	-0.0004255434887722244	-9.949737024963648e-17
8	10	20	0.13514700290509446	-7.275309138600951e-16
8	11	3	-0.13109557805835897	1.6378852580617186e-15
8	11	5	0.00020756180025687424	-4.46002332399472e-17
8	11	7	-0.00039950662584995546	-8.131265405297055e-17
8	11	11	-0.06779010798697561	1.8883024088599823e-15
8	11	14	-0.1135839655982202	2.8580321140187505e-15
8	11	16	-0.00042533612161555997	-2.928011837727045e-16
8	11	21	-0.13353637749603672	8.170114899625888e-16
8	12	0	0.1198294780484873	1.2852556181167485e-15
8	12	1	0.020125750269968566	-1.791360538889277e-15
8	12	6	-0.16694872302388555	-3.1421756529002733e-15
8	12	9	0.2549029170517901	2.9075591108368024e-15
8	12	12	0.22309616263401053	-2.1233096947179722e-15
8	12	15	0.32646689368568627	8.598616765916899e-16
8	12	19	-0.0055267205076163905	5.876432591703242e-16
8	12	23	0.0002718749529659871	-5.758318847642605e-17
8	13	2	0.1756185428896847	-1.5078507895424201e-15
8	13	4	-0.00028393668765875257	2.0873132962266433e-17
8	13	8	0.0003215153336233336	7.338876355948563e-17
8	13	10	0.119137818385188	-3.0582598407279283e-15
8	13	13	0.1547022873119179	-6.689937106990865e-15
8	13	17	0.00015944729451259599	7.708159534474111e-18
8	13	20	0.16710525205626592	-1.8033826458572453e-15
8	14	3	-0.17190388582968047	1.5789316139836996e-15
8	14	5	-0.0002911823454138914	-3.9057211113666265e-16
8	14	7	0.0003351507321704328	-8.917726895343329e-17
8	14	11	-0.11358396559822016	2.8580321140187478e-15
8	14	14	-0.14005494333204993	6.240245856256865e-15
8	14	16	0.0001694819075700569	-6.884342665775053e-16
8	14	21	-0.15882595978465716	1.784717437113476e-15
8	15	0	-0.006206693140569792	-1.0224263000505065e-16
8	15	1	0.18152349378015234	1.3006388982048665e-15
8	15	6	-0.10358924082828443	-2.2734422301633227e-15
8	15	9	0.11945223447420483	3.285228213391398e-15
8	15	12	0.326466893685686	8.59861676591688e-16
8	15	15	0.17238572586328363	1.1637686605560892e-15
8	15	19	-0.0012349262384114253	1.8296897742832346e-16
8	15	23	-0.00018086437936987903	-1.1097338276964619e-16
8	16	3	0.0003578226574525473	-4.778174178417756e-16
8	16	5	0.1141835251991783	-2.338432037796745e-16
8	16	7	-0.03908995419182857	-1.2933803613969504e-15
8	16	11	-0.00042533612161557634	-2.9280118377270364e-16
8	16	14	0.00016948190757003166	-6.884342665775052e-16
8	16	16	0.15339420434698414	1.633329029649559e-16
8	16	21	-0.00013637059334312658	-4.800149864417926e-16
8	17	2	0.0003574017526170156	-1.7965582353646305e-16
8	17	4	-0.114182576474494	1.0668438235283568e-16
8	17	8	0.03908878540372868	1.0124960962154022e-15
8	17	10	-0.0004255434887722213	-9.949737024963624e-17
8	17	13	0.00015944729451257736	7.708159534474942e-18
8	17	17	-0.15338942500360053	-2.223384090957374e-16
8	17	20	-0.00012593283517957755	-4.41878699415091e-17
8	18	18	-0.07028501192608444	3.617626015703328e-16
8	18	22	0.000587291892734803	-4.7754823976152364e-17
8	19	0	-0.0010109746386765916	5.04730892005898e-16
8	19	1	-0.002603327554211457	-4.8254043483126544e-17
8	19	6	0.0023840813726578283	1.2961453740402129e-16
8	19	9	-0.0025389446935197954	-1.4015755430081674e-16
8	19	12	-0.0055267205076163835	5.876432591703235e-16
8	19	15	-0.001234926238411411	1.829689774283233e-16
8	19	19	0.07017934258502687	-3.779644748047216e-16
8	19	23	-6.75507402512337e-05	-2.287770023974583e-17
8	20	2	0.17952777303935225	9.76396470204499e-16
8	20	4	0.00020723268738850927	-3.2692380563245766e-17
8	20	8	-0.0001447074321997993	3.220168936427357e-17
8	20	10	0.13514700290509452	-7.275309138600948e-16
8	20	13	0.16710525205626584	-1.803382645857246e-15
8	20	17	-0.00012593283517956476	-4.41878699415092e-17
8	20	20	0.14335011082557453	2.256978637159927e-15
8	21	3	-0.17802098985062403	-7.979869366924827e-16
8	21	5	0.00021429662688272205	-7.985111772303725e-17
8	21	7	-0.00015541894168403866	-5.292615504982791e-17
8	21	11	-0.13353637749603658	8.170114899625894e-16
8	21	14	-0.15882595978465744	1.7847174371134747e-15
8	21	16	-0.0001363705933431208	-4.800149864417931e-16
8	21	21	-0.14326915986760078	-1.9623726755079884e-15
8	22	18	0.0005872918927347974	-4.775482397615237e-17
8	22	22	-0.06717141814709371	3.8677155760103887e-16
8	23	0	-0.00015367376007961291	-1.2730589130000766e-16
8	23	1	-0.0002445255697061468	-3.64858991957674e-18
8	23	6	0.0002990163737469113	-1.4239567678491002e-17
8	23	9	0.00021004711857011785	-2.466438921911895e-17
8	23	12	0.00027187495296599026	-5.758318847642598e-17
8	23	15	-0.00018086437936988163	-1.1097338276964618e-16
8	23	19	-6.755074025123476e-05	-2.2877700239745922e-17
8	23	23	-0.018867507606881495	-5.693786014158904e-17
