0	0	0	0.5738109223585758	1.598151216889962e-15
0	0	1	-0.5727581880683353	6.929638219689167e-16
0	0	6	-0.3185269941555795	2.2392172932349003e-15
0	0	9	0.06689627851978057	-1.6653271825580558e-16
0	0	12	0.1083507714797054	1.705403580546438e-15
0	0	15	-0.003413760451925789	1.4196772860008861e-15
0	1	0	-0.5727581880683343	6.929638219689173e-16
0	1	1	0.3416509202722996	9.506830994299513e-16
0	1	6	-0.15291924702815132	-9.683641593449665e-16
0	1	9	0.30165559392027175	1.1450601098946354e-16
0	1	12	0.028680782177769936	7.219012077865361e-16
0	1	15	0.1701601124852726	1.4804444139072218e-15
0	2	2	-0.22185208060833328	5.438846561870085e-16
0	2	4	0.00014064167365550854	-6.931064518210477e-17
0	2	7	-0.0002720161449530586	-1.6415255671387324e-16
0	2	10	-0.12899941956140373	9.827098209106597e-17
0	2	13	-0.16952133070980813	4.298066516490953e-16
0	2	16	-0.0003690241750299551	-3.5879409502380675e-16
0	3	3	0.2218502022546903	-4.550903280382138e-16
0	3	5	-0.00014022298268620003	1.3171338652876756e-17
0	3	8	0.0002830099853653314	8.201077572135255e-17
0	3	11	0.1290013994761285	-1.6462053973110892e-16
0	3	14	0.1695283961447262	-4.897301096523321e-16
0	4	2	0.00014064167365554814	-6.931064518210493e-17
0	4	4	0.004429836825430553	6.656266597205889e-16
0	4	7	-0.16086329492514592	-7.193705208845378e-17
0	4	10	-0.00021861242425946835	5.765325945215627e-17
0	4	13	0.0003088517356424036	-3.4010379080742704e-16
0	4	16	0.11813058549073571	7.787518558820215e-17
0	5	3	-0.00014022298268620166	1.3171338652876724e-17
0	5	5	-0.004098329608753259	-5.938045160315977e-16
0	5	8	0.16387968688075433	-1.0118582686832607e-17
0	5	11	0.00022144386445538424	2.141514594169078e-17
0	5	14	-0.00031032213821938334	1.076206775673341e-16
0	6	0	-0.31852699415557906	2.2392172932349015e-15
0	6	1	-0.1529192470281515	-9.683641593449674e-16
0	6	6	-0.43005199831283136	-1.5249571565598825e-15
0	6	9	0.31225754439889924	1.7454631132592224e-16
0	6	12	-0.14700697807674373	2.034674124331385e-15
0	6	15	-0.09612912261414185	8.244736093749175e-16
0	7	2	-0.0002720161449530007	-1.6415255671387333e-16
0	7	4	-0.16086329492514592	-7.193705208845401e-17
0	7	7	-0.17349235160841614	-3.8199581820796176e-17
0	7	10	0.00041424670668478936	2.841261206167462e-17
0	7	13	-0.00036145708828480577	-1.3336822562932716e-16
0	7	16	-0.03116212908453651	-2.0884405204028043e-16
0	8	3	0.00028300998536525865	8.201077572135265e-17
0	8	5	0.1638796868807544	-1.0118582686832382e-17
0	8	8	0.15537110162287834	-1.3311379711208124e-16
0	8	11	-0.0004221321806727921	4.1565125110956213e-17
0	8	14	0.00036130669399564875	1.7100748937344792e-16
0	9	0	0.06689627851978043	-1.665327182558051e-16
0	9	1	0.30165559392027197	1.1450601098946396e-16
0	9	6	0.3122575443988992	1.7454631132592182e-16
0	9	9	-0.17653141434897987	-6.561949304956424e-16
0	9	12	0.2397219685968828	-1.1280715589483556e-15
0	9	15	0.10529694596455873	-9.304936838322435e-16
0	10	2	-0.12899941956140368	9.82709820910659e-17
0	10	4	-0.0002186124242595078	5.765325945215634e-17
0	10	7	0.00041424670668473347	2.8412612061674553e-17
0	10	10	-0.06882497952696483	-3.319473917538056e-17
0	10	13	-0.11155422977852736	4.339360135940579e-16
0	10	16	0.0004415729154799225	-2.2282185397014953e-16
0	11	3	0.12900139947612832	-1.646205397311085e-16
0	11	5	0.00022144386445538029	2.1415145941690876e-17
0	11	8	-0.0004221321806727708	4.156512511095622e-17
0	11	11	0.06882483292995704	-6.545164147418216e-17
0	11	14	0.11156621602891093	-5.606010677578628e-16
0	12	0	0.10835077147970551	1.7054035805464357e-15
0	12	1	0.02868078217776988	7.219012077865353e-16
0	12	6	-0.14700697807674337	2.0346741243313816e-15
0	12	9	0.2397219685968824	-1.1280715589483545e-15
0	12	12	0.23249099931814265	-2.606241672416372e-16
0	12	15	0.3182965106308685	8.437811503437717e-16
0	13	2	-0.16952133070980818	4.298066516490957e-16
0	13	4	0.00030885173564235374	-3.401037908074267e-16
0	13	7	-0.00036145708828486946	-1.3336822562932718e-16
0	13	10	-0.11155422977852733	4.339360135940584e-16
0	13	13	-0.12785766862336234	1.3431515623731976e-15
0	13	16	-0.00020069232660628003	-5.372569729422398e-16
0	14	3	0.16952839614472623	-4.89730109652332e-16
0	14	5	-0.00031032213821936876	1.076206775673341e-16
0	14	8	0.00036130669399569364	1.7100748937344772e-16
0	14	11	0.11156621602891101	-5.606010677578634e-16
0	14	14	0.1278860494207704	-1.4653195957570394e-15
0	15	0	-0.0034137604519256246	1.419677286000885e-15
0	15	1	0.17016011248527257	1.4804444139072212e-15
0	15	6	-0.0961291226141417	8.244736093749179e-16
0	15	9	0.10529694596455862	-9.304936838322447e-16
0	15	12	0.31829651063086867	8.437811503437716e-16
0	15	15	0.15591466920073632	9.793208361964809e-16
0	16	2	-0.00036902417502999307	-3.5879409502380645e-16
0	16	4	0.11813058549073571	7.787518558820168e-17
0	16	7	-0.031162129084536448	-2.0884405204028075e-16
0	16	10	0.00044157291547988384	-2.228218539701496e-16
0	16	13	-0.00020069232660631806	-5.372569729422399e-16
0	16	16	0.15135804384339185	5.670810361811706e-16
1	0	2	-0.5493694001488367	-7.252001507169319e-18
1	0	3	0.5493682774755161	1.7690251818953983e-16
1	0	4	-0.4661035870898622	2.6353133793886296e-16
1	0	5	0.46609425868854726	6.514720658156774e-17
1	0	7	-0.121090228712686	5.527021893392262e-16
1	0	8	0.1212322132074792	-9.065952233899669e-16
1	0	10	-0.09098677628067187	7.576383305872282e-16
1	0	11	0.0909854490719903	-6.315525629011207e-16
1	0	13	0.023297634825246265	-1.1774681213768983e-15
1	0	14	-0.023299735304240784	7.744887670821353e-16
1	0	16	0.03181176746876513	1.7162645443820194e-15
1	1	2	0.244143257649875	2.403799289380077e-16
1	1	3	-0.2441423279426375	-1.8578758447243534e-16
1	1	4	0.32881344944340096	1.9062557442305983e-17
1	1	5	-0.32807389628437295	-5.375974540756748e-16
1	1	7	-0.3086794845987524	-3.2609949390727486e-16
1	1	8	0.30833719224417583	7.8674400053412205e-16
1	1	10	-0.24923951506767728	1.2708461778617856e-16
1	1	11	0.24923548030335407	2.3138555764403097e-16
1	1	13	-0.12422352504349708	-8.879123182544713e-16
1	1	14	0.12421322909241704	9.65472632363873e-16
1	1	16	0.09109460548534899	3.1384768514077627e-17
1	2	0	-0.5493694001488366	-7.25200150716916e-18
1	2	1	0.24414325764987538	2.4037992893800787e-16
1	2	6	0.038951379171483835	-1.140825488168391e-15
1	2	9	0.07478991731611769	-1.5007910094248617e-16
1	2	12	-0.0420636158107841	7.049993265592775e-17
1	2	15	-0.04687733918451715	1.27971939703408e-16
1	3	0	0.5493682774755166	1.7690251818953924e-16
1	3	1	-0.24414232794263752	-1.8578758447243517e-16
1	3	6	-0.038949465368572696	1.413532068452832e-15
1	3	9	-0.07478109355298192	-7.542295417154194e-17
1	3	12	0.042087563945415116	2.0838696882776967e-17
1	3	15	0.04672962212149168	-2.0427236191203777e-16
1	4	0	-0.46610358708986216	2.63531337938864e-16
1	4	1	0.32881344944340124	1.9062557442305398e-17
1	4	6	-0.08242168588937457	-1.5351763772383827e-15
1	4	9	0.09856389352115486	-5.215447030852792e-17
1	4	12	-0.014939407891776174	1.1045573506906083e-16
1	4	15	0.04041688270821559	1.1020497845890053e-16
1	5	0	0.46609425868854726	6.51472065815668e-17
1	5	1	-0.3280738962843733	-5.375974540756743e-16
1	5	6	0.08188469453418207	1.2226839847360152e-15
1	5	9	-0.0970806867194844	7.525417214770217e-17
1	5	12	0.020171951488930494	-1.3904532481585552e-16
1	5	15	-0.04235530767156655	-1.7510935842157634e-16
1	6	2	0.03895137917148381	-1.1408254881683907e-15
1	6	3	-0.038949465368572654	1.4135320684528319e-15
1	6	4	-0.08242168588937465	-1.535176377238383e-15
1	6	5	0.08188469453418214	1.2226839847360154e-15
1	6	7	-0.34501553242082145	-7.169090725338164e-17
1	6	8	0.33529470457811034	2.800441477201597e-16
1	6	10	-0.2746059107146809	1.6286899234258215e-16
1	6	11	0.2745860683088271	2.6429152023610027e-16
1	6	13	0.11585111154630867	8.538434352040948e-16
1	6	14	-0.11581937023959403	-4.105512271848836e-16
1	6	16	-0.17786020288858156	5.465350701585928e-16
1	7	0	-0.1210902287126858	5.527021893392262e-16
1	7	1	-0.3086794845987527	-3.2609949390727525e-16
1	7	6	-0.3450155324208215	-7.169090725338084e-17
1	7	9	0.12719731991960154	2.7213159346805313e-16
1	7	12	-0.15855460386517606	1.1570595497915486e-15
1	7	15	-0.039320448789711526	4.276101208607331e-16
1	8	0	0.1212322132074791	-9.06595223389967e-16
1	8	1	0.30833719224417616	7.867440005341227e-16
1	8	6	0.3352947045781104	2.800441477201596e-16
1	8	9	-0.1322683320970604	-3.3204608374648608e-16
1	8	12	0.14450368266264668	-1.1043547655203169e-15
1	8	15	0.04121641901241309	-4.234338350744969e-16
1	9	2	0.07478991731611774	-1.500791009424867e-16
1	9	3	-0.07478109355298193	-7.542295417154178e-17
1	9	4	0.09856389352115495	-5.215447030852818e-17
1	9	5	-0.09708068671948447	7.525417214770245e-17
1	9	7	0.12719731991960162	2.721315934680531e-16
1	9	8	-0.13226833209706046	-3.3204608374648608e-16
1	9	10	0.17770104352924962	1.0126237906539672e-16
1	9	11	-0.1777035370200768	-3.387404560014577e-16
1	9	13	-0.16017011663966765	-5.069955926245579e-16
1	9	14	0.1601458472082866	2.293934192864317e-16
1	9	16	0.13000146677100022	-9.768783037226438e-16
1	10	0	-0.09098677628067174	7.576383305872286e-16
1	10	1	-0.2492395150676776	1.2708461778617797e-16
1	10	6	-0.2746059107146808	1.6286899234258257e-16
1	10	9	0.17770104352924965	1.0126237906539668e-16
1	10	12	-0.13012737364868984	1.1079923146111048e-15
1	10	15	-0.11210145465434052	9.078991758387496e-16
1	11	0	0.09098544907199035	-6.315525629011208e-16
1	11	1	0.24923548030335435	2.313855576440318e-16
1	11	6	0.27458606830882726	2.642915202361003e-16
1	11	9	-0.1777035370200769	-3.387404560014576e-16
1	11	12	0.1300757583794046	-8.282965695374124e-16
1	11	15	0.1120295885549465	-8.558629013419809e-16
1	12	2	-0.042063615810784036	7.049993265592764e-17
1	12	3	0.042087563945415025	2.0838696882776474e-17
1	12	4	-0.014939407891776127	1.1045573506906108e-16
1	12	5	0.02017195148893044	-1.3904532481585535e-16
1	12	7	-0.15855460386517592	1.1570595497915474e-15
1	12	8	0.14450368266264643	-1.1043547655203161e-15
1	12	10	-0.13012737364868965	1.1079923146111019e-15
1	12	11	0.1300757583794044	-8.282965695374112e-16
1	12	13	-0.1368579293584907	-1.9993885545628206e-15
1	12	14	0.13677937588713612	1.6062827807653793e-15
1	12	16	0.2633918328605999	1.666437790308267e-16
1	13	0	0.02329763482524618	-1.1774681213769002e-15
1	13	1	-0.12422352504349715	-8.879123182544705e-16
1	13	6	0.11585111154630848	8.538434352040945e-16
1	13	9	-0.16017011663966751	-5.069955926245572e-16
1	13	12	-0.13685792935849078	-1.9993885545628226e-15
1	13	15	-0.1491355582163158	-1.167074288535669e-15
1	14	0	-0.02329973530424041	7.744887670821341e-16
1	14	1	0.12421322909241697	9.654726323638726e-16
1	14	6	-0.11581937023959368	-4.105512271848824e-16
1	14	9	0.16014584720828628	2.293934192864317e-16
1	14	12	0.13677937588713598	1.60628278076538e-15
1	14	15	0.14899243683869756	9.115866131453203e-16
1	15	2	-0.04687733918451718	1.2797193970340749e-16
1	15	3	0.0467296221214917	-2.0427236191203772e-16
1	15	4	0.04041688270821554	1.1020497845890106e-16
1	15	5	-0.042355307671566506	-1.7510935842157602e-16
1	15	7	-0.0393204487897115	4.276101208607331e-16
1	15	8	0.04121641901241299	-4.2343383507449673e-16
1	15	10	-0.1121014546543404	9.078991758387508e-16
1	15	11	0.11202958855494638	-8.558629013419812e-16
1	15	13	-0.14913555821631588	-1.1670742885356701e-15
1	15	14	0.14899243683869778	9.115866131453215e-16
1	15	16	0.12307306234308522	4.087235610230027e-16
1	16	0	0.031811767468765316	1.7162645443820213e-15
1	16	1	0.09109460548534898	3.138476851407667e-17
1	16	6	-0.17786020288858145	5.465350701585913e-16
1	16	9	0.13000146677100005	-9.768783037226432e-16
1	16	12	0.2633918328605999	1.6664377903082666e-16
1	16	15	0.12307306234308521	4.0872356102300366e-16
2	0	0	-1.1001398862307906e-05	-3.2573819806132853e-18
2	0	1	-1.5026681865392465e-05	-2.2570148476040516e-18
2	0	6	3.667272156686938e-06	-1.22575220462694e-18
2	0	9	-3.450840529409339e-05	-1.6443123762547512e-18
2	0	12	-0.00015419831072494388	1.1769943315480314e-18
2	0	15	-0.00012055236354672856	-4.999142545964496e-18
2	1	0	-1.5026681865391683e-05	-2.2570148476040536e-18
2	1	1	4.8119391165413955e-05	2.5985789863389723e-19
2	1	6	-0.00019454394182744582	-5.616909937526574e-18
2	1	9	3.657711439469005e-05	1.5189562327773772e-18
2	1	12	0.0002857440910956467	2.331612389186048e-18
2	1	15	3.050373838408536e-05	-1.3874623731152468e-18
2	2	2	0.033690886467748246	1.0661139164366359e-17
2	2	3	-0.033690840660517564	-2.6215219996410705e-19
2	2	10	-0.010089384514782277	-9.268981075138561e-19
2	2	11	0.010089393221787264	1.933551331938838e-17
2	2	13	-0.0025722798173209195	6.485081701981339e-17
2	2	14	0.0025728337815553604	-3.799865138143404e-17
2	3	2	-0.033690840660517585	-2.621521999640887e-19
2	3	3	0.03369079496759314	-1.0169381506921607e-17
2	3	10	0.010089204715084852	1.394225898648458e-17
2	3	11	-0.01008921350089104	-3.2339258106773193e-17
2	3	13	0.0025725893534068343	-6.742735192454532e-17
2	3	14	-0.0025731430001921843	4.055898705057744e-17
2	4	4	0.031078926607909847	-4.220829458896442e-17
2	4	5	-0.031086611289838556	8.150713814920695e-18
2	4	7	-0.014510257543693929	-3.618525124217524e-17
2	4	8	0.01450334967151696	8.214978462213917e-17
2	4	16	-0.0019150836187472446	-3.334996591495571e-17
2	5	4	-0.031086611289838556	8.150713814920704e-18
2	5	5	0.031094441222724072	2.5881241699045875e-17
2	5	7	0.014480813100100584	2.973115632648395e-17
2	5	8	-0.014475547891185945	-7.572259537238899e-17
2	5	16	0.0019566554642131044	2.9822523928471686e-17
2	6	0	3.667272156686653e-06	-1.2257522046269427e-18
2	6	1	-0.00019454394182744693	-5.6169099375265684e-18
2	6	6	-0.000502389056327947	4.61566589332059e-18
2	6	9	-0.00035565094447312053	-1.4507696278645084e-18
2	6	12	-0.0010901120985867625	-1.892617975958199e-18
2	6	15	0.0004968355502614278	1.2646692370088022e-18
2	7	4	-0.014510257543693941	-3.618525124217525e-17
2	7	5	0.014480813100100588	2.9731156326483984e-17
2	7	7	-0.022332958616868553	2.807545325085709e-17
2	7	8	0.022263074902007938	-1.9769797222316116e-17
2	7	16	-0.013079272173188015	3.7917352200675565e-17
2	8	4	0.01450334967151697	8.214978462213918e-17
2	8	5	-0.014475547891185943	-7.572259537238902e-17
2	8	7	0.02226307490200793	-1.9769797222316103e-17
2	8	8	-0.022207971897118515	1.1685962080083017e-17
2	8	16	0.012704120074943155	-3.120693797041829e-17
2	9	0	-3.450840529409226e-05	-1.6443123762547544e-18
2	9	1	3.657711439468927e-05	1.5189562327773762e-18
2	9	6	-0.00035565094447311934	-1.4507696278645078e-18
2	9	9	2.2428851870362434e-05	-4.759791246164596e-19
2	9	12	8.459177461217606e-05	8.851471625477038e-19
2	9	15	-5.6054654939339174e-05	-3.7001056223646514e-19
2	10	2	-0.010089384514782284	-9.268981075138748e-19
2	10	3	0.010089204715084859	1.3942258986484625e-17
2	10	10	-0.020186643341746247	1.524721783249836e-17
2	10	11	0.02018639682325676	-9.045609387323586e-19
2	10	13	0.010903063258697436	3.266584903364227e-17
2	10	14	-0.010901821976404089	-2.9328818785347197e-17
2	11	2	0.010089393221787275	1.933551331938839e-17
2	11	3	-0.010089213500891047	-3.2339258106773224e-17
2	11	10	0.020186396823256767	-9.045609387323534e-19
2	11	11	-0.02018615047812451	-1.3428290821351875e-17
2	11	13	-0.010902130536523866	-4.1025882475696896e-17
2	11	14	0.01090088944781813	3.768392448980136e-17
2	12	0	-0.00015419831072494458	1.1769943315480347e-18
2	12	1	0.0002857440910956469	2.3316123891860432e-18
2	12	6	-0.001090112098586761	-1.892617975958201e-18
2	12	9	8.459177461217635e-05	8.851471625477094e-19
2	12	12	0.0006925988799776064	2.9957660667495116e-18
2	12	15	1.447583904985395e-05	-8.601994732681218e-19
2	13	2	-0.002572279817320913	6.485081701981342e-17
2	13	3	0.0025725893534068304	-6.742735192454535e-17
2	13	10	0.010903063258697426	3.266584903364223e-17
2	13	11	-0.01090213053652385	-4.102588247569683e-17
2	13	13	0.007555562218264226	1.222199881020329e-16
2	13	14	-0.007554142177195201	-1.2528698828789242e-16
2	14	2	0.0025728337815553535	-3.799865138143406e-17
2	14	3	-0.002573143000192178	4.055898705057751e-17
2	14	10	-0.010901821976404075	-2.932881878534716e-17
2	14	11	0.010900889447818113	3.768392448980128e-17
2	14	13	-0.007554142177195201	-1.2528698828789237e-16
2	14	14	0.007552722859938085	1.283486636279547e-16
2	15	0	-0.0001205523635467271	-4.999142545964516e-18
2	15	1	3.0503738384085174e-05	-1.3874623731152441e-18
2	15	6	0.0004968355502614272	1.2646692370088018e-18
2	15	9	-5.605465493933947e-05	-3.7001056223646287e-19
2	15	12	1.447583904985465e-05	-8.601994732681098e-19
2	15	15	-4.957260362127631e-05	-5.120823364560009e-18
2	16	4	-0.001915083618747246	-3.334996591495572e-17
2	16	5	0.001956655464213104	2.982252392847169e-17
2	16	7	-0.013079272173188003	3.7917352200675534e-17
2	16	8	0.012704120074943145	-3.1206937970418314e-17
2	16	16	0.014538453101539906	8.29538967281905e-17
3	0	2	0.5493694001488368	-2.5306265084741136e-17
3	0	3	0.5493682774755153	-1.6598432256267036e-16
3	0	4	0.4661035870898623	2.5969968387314155e-16
3	0	5	0.4660942586885483	-7.927872485922553e-17
3	0	7	0.12109022871268547	-2.6134212054152706e-16
3	0	8	0.12123221320747966	-5.027227240154592e-16
3	0	10	0.09098677628067207	-8.669217176894742e-16
3	0	11	0.09098544907199073	-1.1055455611407412e-15
3	0	13	-0.023297634825246112	1.073680293713935e-15
3	0	14	-0.023299735304240822	1.084192864158775e-15
3	0	16	-0.031811767468765524	-1.7299521164462809e-15
3	1	2	-0.24414325764987563	-4.6424400769333714e-17
3	1	3	-0.24414232794263654	4.910960116550393e-17
3	1	4	-0.32881344944340124	-7.823998040238989e-16
3	1	5	-0.328073896284373	-3.358108003500237e-16
3	1	7	0.3086794845987518	4.3369320478821626e-16
3	1	8	0.308337192244175	-3.004055799978034e-17
3	1	10	0.24923951506767705	2.371715512787251e-16
3	1	11	0.24923548030335366	2.558658321661311e-16
3	1	13	0.1242235250434973	7.68089429028222e-16
3	1	14	0.12421322909241685	4.616700559474975e-16
3	1	16	-0.09109460548534896	-2.51077449838937e-16
3	2	0	0.5493694001488367	-2.530626508474168e-17
3	2	1	-0.24414325764987557	-4.6424400769333486e-17
3	2	6	-0.03895137917148395	1.3919741618951486e-15
3	2	9	-0.07478991731611771	-5.357745922353037e-17
3	2	12	0.04206361581078373	-2.886519208204245e-17
3	2	15	0.04687733918451706	-1.785426385667892e-16
3	3	0	0.5493682774755161	-1.6598432256267088e-16
3	3	1	-0.2441423279426366	4.910960116550433e-17
3	3	6	-0.03894946536857209	1.3352033174961591e-15
3	3	9	-0.074781093552982	3.84291041153944e-17
3	3	12	0.042087563945415137	-1.3631916739757923e-17
3	3	15	0.04672962212149179	-1.2597464097938302e-16
3	4	0	0.4661035870898621	2.5969968387314e-16
3	4	1	-0.3288134494434013	-7.823998040238993e-16
3	4	6	0.08242168588937446	1.1921473179312142e-15
3	4	9	-0.09856389352115477	4.368561414126294e-17
3	4	12	0.014939407891775938	-2.425607882288856e-16
3	4	15	-0.040416882708215515	-1.2086529505800954e-16
3	5	0	0.4660942586885485	-7.9278724859226e-17
3	5	1	-0.3280738962843734	-3.358108003500236e-16
3	5	6	0.08188469453418241	1.2236430287329527e-15
3	5	9	-0.09708068671948447	6.408521783508935e-17
3	5	12	0.020171951488930646	-1.4936091955016004e-16
3	5	15	-0.042355307671566596	-9.771295217386322e-17
3	6	2	-0.038951379171483946	1.3919741618951498e-15
3	6	3	-0.03894946536857211	1.3352033174961591e-15
3	6	4	0.08242168588937449	1.192147317931216e-15
3	6	5	0.0818846945341825	1.2236430287329535e-15
3	6	7	0.34501553242082134	4.65212293215948e-16
3	6	8	0.3352947045781097	8.014393668336635e-17
3	6	10	0.274605910714681	-7.502610341649343e-17
3	6	11	0.2745860683088273	3.396833871261148e-18
3	6	13	-0.11585111154630852	-9.716388513154598e-16
3	6	14	-0.11581937023959407	-6.002810906998581e-16
3	6	16	0.17786020288858123	-7.67078616444684e-16
3	7	0	0.12109022871268535	-2.6134212054152756e-16
3	7	1	0.3086794845987521	4.3369320478821724e-16
3	7	6	0.3450155324208215	4.652122932159481e-16
3	7	9	-0.12719731991960148	-4.74867692229455e-16
3	7	12	0.1585546038651751	-1.1336134441689225e-15
3	7	15	0.03932044878971122	-4.181427836410395e-16
3	8	0	0.12123221320747953	-5.027227240154598e-16
3	8	1	0.3083371922441753	-3.0040557999779556e-17
3	8	6	0.33529470457811017	8.014393668336577e-17
3	8	9	-0.13226833209706038	-3.826683785771165e-16
3	8	12	0.14450368266264632	-1.2771387723042169e-15
3	8	15	0.04121641901241272	-6.12268736333519e-16
3	9	2	-0.07478991731611774	-5.3577459223529944e-17
3	9	3	-0.074781093552982	3.8429104115394933e-17
3	9	4	-0.09856389352115488	4.3685614141262746e-17
3	9	5	-0.0970806867194846	6.408521783508975e-17
3	9	7	-0.12719731991960143	-4.748676922294548e-16
3	9	8	-0.1322683320970604	-3.826683785771167e-16
3	9	10	-0.17770104352924984	-7.571029404514187e-17
3	9	11	-0.17770353702007727	-6.059470226619869e-17
3	9	13	0.16017011663966776	5.4657215990510805e-16
3	9	14	0.16014584720828648	3.3263361920075545e-16
3	9	16	-0.13000146677100022	1.0208506211820981e-15
3	10	0	0.09098677628067192	-8.66921717689474e-16
3	10	1	0.2492395150676772	2.371715512787255e-16
3	10	6	0.2746059107146809	-7.502610341649387e-17
3	10	9	-0.17770104352924973	-7.571029404514179e-17
3	10	12	0.1301273736486892	-8.77408452206898e-16
3	10	15	0.11210145465434025	-6.754813525263537e-16
3	11	0	0.09098544907199076	-1.1055455611407412e-15
3	11	1	0.24923548030335393	2.5586583216613214e-16
3	11	6	0.27458606830882726	3.396833871261188e-18
3	11	9	-0.17770353702007724	-6.059470226619857e-17
3	11	12	0.1300757583794042	-1.0828451833094639e-15
3	11	15	0.11202958855494641	-8.774455478427803e-16
3	12	2	0.042063615810783675	-2.8865192082042786e-17
3	12	3	0.042087563945415046	-1.3631916739758212e-17
3	12	4	0.014939407891775988	-2.4256078822888524e-16
3	12	5	0.020171951488930587	-1.4936091955016036e-16
3	12	7	0.15855460386517486	-1.1336134441689203e-15
3	12	8	0.14450368266264615	-1.277138772304215e-15
3	12	10	0.130127373648689	-8.774084522068959e-16
3	12	11	0.130075758379404	-1.0828451833094627e-15
3	12	13	0.13685792935849067	1.9098921274422652e-15
3	12	14	0.1367793758871355	1.3354531768706167e-15
3	12	16	-0.26339183286059964	-3.838863924584689e-16
3	13	0	-0.023297634825246064	1.0736802937139361e-15
3	13	1	0.12422352504349743	7.680894290282201e-16
3	13	6	-0.11585111154630827	-9.7163885131546e-16
3	13	9	0.1601701166396677	5.465721599051076e-16
3	13	12	0.1368579293584906	1.9098921274422664e-15
3	13	15	0.14913555821631586	1.0567777195440441e-15
3	14	0	-0.02329973530424046	1.0841928641587755e-15
3	14	1	0.12421322909241689	4.616700559474967e-16
3	14	6	-0.11581937023959384	-6.002810906998586e-16
3	14	9	0.16014584720828623	3.326336192007555e-16
3	14	12	0.13677937588713543	1.3354531768706186e-15
3	14	15	0.14899243683869742	7.91645064744953e-16
3	15	2	0.04687733918451706	-1.7854263856678874e-16
3	15	3	0.04672962212149179	-1.2597464097938283e-16
3	15	4	-0.04041688270821545	-1.2086529505800937e-16
3	15	5	-0.04235530767156657	-9.771295217386317e-17
3	15	7	0.03932044878971113	-4.181427836410397e-16
3	15	8	0.041216419012412624	-6.12268736333519e-16
3	15	10	0.11210145465434017	-6.754813525263534e-16
3	15	11	0.11202958855494631	-8.774455478427806e-16
3	15	13	0.1491355582163159	1.0567777195440445e-15
3	15	14	0.14899243683869748	7.916450647449534e-16
3	15	16	-0.12307306234308545	-5.279922915665716e-16
3	16	0	-0.031811767468765705	-1.7299521164462823e-15
3	16	1	-0.09109460548534892	-2.5107744983893565e-16
3	16	6	0.17786020288858104	-7.670786164446834e-16
3	16	9	-0.1300014667710001	1.0208506211820973e-15
3	16	12	-0.26339183286059986	-3.83886392458469e-16
3	16	15	-0.12307306234308549	-5.27992291566572e-16
4	0	0	2.177886378722828	-9.23400484102483e-16
4	0	1	0.7764133553347002	-1.1985827635732511e-15
4	0	6	-0.021075607151341564	1.7182319399523425e-15
4	0	9	0.07411829804828503	-2.8132518667677933e-15
4	0	12	-0.07333081144205403	-5.504317631814245e-15
4	0	15	0.005292373989478454	1.6340105465426775e-15
4	1	0	0.7764133553346997	-1.1985827635732507e-15
4	1	1	-1.4107994970148938	-6.519203718080201e-16
4	1	6	0.9457945305124924	4.893446979175581e-15
4	1	9	0.29940589052371425	1.8420564505964467e-15
4	1	12	-0.1383412574106184	-4.170888131204658e-16
4	1	15	0.07974394383770367	1.5000126287909802e-16
4	2	2	-1.3459953260091806	2.637991004227075e-16
4	2	10	0.38040416836487545	4.466321683653352e-16
4	2	13	-0.22187255680596996	1.1347883775091475e-16
4	3	3	1.3459895095376142	-9.283599994832825e-16
4	3	11	-0.38040043641776944	-1.0572830794212259e-15
4	3	14	0.22187720887043347	-3.956023013240111e-16
4	4	4	-1.1186943298962044	-4.196954985183933e-16
4	4	7	0.5959908087816288	9.559189158389827e-16
4	4	16	0.0723059119905806	-6.00493261696849e-16
4	5	5	1.1159020765328769	4.601683576320082e-16
4	5	8	-0.5884345043077911	-1.0775586753238628e-15
4	6	0	-0.021075607151341817	1.7182319399523472e-15
4	6	1	0.9457945305124932	4.893446979175581e-15
4	6	6	1.0048477570428638	-2.6070161776539504e-15
4	6	9	0.5710978321656919	2.3308042295418716e-16
4	6	12	0.6688229069642087	-2.624041523657826e-15
4	6	15	-0.30644769194029686	-7.287841785452509e-16
4	7	4	0.5959908087816291	9.55918915838984e-16
4	7	7	0.9401016151777208	-8.746397897857366e-17
4	7	13	1.4708453347591012e-14	-1.8025678137190106e-15
4	7	16	0.5780911685037577	-2.138021982524184e-15
4	8	5	-0.5884345043077913	-1.0775586753238646e-15
4	8	8	-0.9248917355521327	6.819384092342207e-17
4	9	0	0.07411829804828493	-2.8132518667677933e-15
4	9	1	0.2994058905237143	1.84205645059645e-15
4	9	6	0.5710978321656924	2.330804229541867e-16
4	9	9	-0.8275192821617589	-8.283362785775257e-16
4	9	12	0.27347291253616485	-4.3904546887918163e-16
4	9	14	-1.2080477143502924e-14	-2.9960313552562706e-15
4	9	15	0.602132245713952	-1.724497707341696e-15
4	10	2	0.38040416836487567	4.466321683653359e-16
4	10	10	0.8397591632787806	-9.481635240107628e-18
4	10	13	-0.4676683356466421	-8.359992065019802e-16
4	10	16	1.1407580541539057e-14	-1.7782437603599016e-15
4	11	3	-0.3804004364177695	-1.0572830794212265e-15
4	11	11	-0.8397562623368885	1.8697163657779267e-16
4	11	14	0.46761721451073746	6.76678096814761e-16
4	12	0	-0.07333081144205421	-5.504317631814239e-15
4	12	1	-0.13834125741061828	-4.1708881312046484e-16
4	12	6	0.668822906964208	-2.62404152365782e-15
4	12	9	0.2734729125361645	-4.390454688791815e-16
4	12	12	-1.0869506116557761	-9.289073086931198e-16
4	12	15	0.14448186576119565	1.148685760808692e-15
4	13	2	-0.22187255680596996	1.1347883775091282e-16
4	13	7	1.460502488533858e-14	-1.802567813719009e-15
4	13	10	-0.4676683356466418	-8.359992065019792e-16
4	13	13	-0.6732918776520016	7.725496347630485e-17
4	14	3	0.2218772088704338	-3.956023013240103e-16
4	14	9	-1.2080477143502916e-14	-2.996031355256267e-15
4	14	11	0.46761721451073673	6.766780968147601e-16
4	14	14	0.6732922526696522	-4.3442924521529955e-16
4	15	0	0.005292373989478915	1.6340105465426822e-15
4	15	1	0.07974394383770349	1.5000126287909413e-16
4	15	6	-0.30644769194029636	-7.287841785452509e-16
4	15	9	0.6021322457139511	-1.7244977073416959e-15
4	15	12	0.1444818657611956	1.148685760808692e-15
4	15	15	0.5823262103626297	2.9112851264598677e-15
4	16	4	0.07230591199058067	-6.004932616968465e-16
4	16	7	0.5780911685037573	-2.1380219825241818e-15
4	16	10	1.1491475186152017e-14	-1.7782437603599012e-15
4	16	16	-0.7271598369144447	-2.700463656226033e-15
5	0	2	-0.5493694001488388	-1.6050415129268934e-16
5	0	3	0.5493682774755214	-1.0790873444361976e-16
5	0	4	0.46610358708986127	-1.7436954308799766e-16
5	0	5	-0.4660942586885434	-6.840072580175579e-17
5	0	7	0.12109022871268588	-1.0089875270511568e-15
5	0	8	-0.1212322132074801	1.4492483851485612e-15
5	0	10	-0.09098677628067194	5.163295031707236e-16
5	0	11	0.09098544907199038	-8.337260995961679e-16
5	0	13	0.023297634825244665	-1.0799960955200977e-15
5	0	14	-0.023299735304241204	7.229853810739283e-16
5	0	16	-0.031811767468766496	-1.3855851788826138e-15
5	1	2	0.24414325764987696	3.022874106002618e-17
5	1	3	-0.2441423279426399	1.5856032459717915e-16
5	1	4	-0.3288134494434006	-9.2239244254959e-17
5	1	5	0.3280738962843714	4.0487892489495393e-16
5	1	7	0.30867948459875233	9.926937550074347e-17
5	1	8	-0.3083371922441758	-8.088315528878419e-16
5	1	10	-0.24923951506767675	-2.313270951310217e-16
5	1	11	0.2492354803033529	4.3450739910659083e-16
5	1	13	-0.1242235250435017	-4.2911427648457026e-16
5	1	14	0.12421322909241785	7.5519384892014275e-16
5	1	16	-0.09109460548534273	-8.887723676662087e-16
5	2	0	-0.5493694001488384	-1.6050415129268887e-16
5	2	1	0.24414325764987688	3.0228741060026534e-17
5	2	6	0.03895137917148349	-1.3996228308406302e-15
5	2	9	0.074789917316118	-2.1115660635516105e-17
5	2	12	-0.04206361581078391	-1.2629199245879458e-16
5	2	15	-0.04687733918451679	5.67573397078313e-17
5	3	0	0.5493682774755211	-1.079087344436203e-16
5	3	1	-0.2441423279426399	1.5856032459717905e-16
5	3	6	-0.03894946536857129	1.4762549354927842e-15
5	3	9	-0.07478109355298296	-5.609568607730225e-17
5	3	12	0.042087563945415525	7.436870107068271e-17
5	3	15	0.04672962212149121	-1.2095697320373258e-16
5	4	0	0.46610358708986127	-1.7436954308799828e-16
5	4	1	-0.32881344944340085	-9.223924425495851e-17
5	4	6	0.0824216858893746	1.5884796549936666e-15
5	4	9	-0.09856389352115481	-1.7406583690508863e-17
5	4	12	0.014939407891776026	-1.621188950425144e-16
5	4	15	-0.04041688270821537	-1.5501251961238606e-16
5	5	0	-0.46609425868854315	-6.840072580175527e-17
5	5	1	0.3280738962843714	4.0487892489495383e-16
5	5	6	-0.08188469453418194	-1.3621596690589269e-15
5	5	9	0.09708068671948365	7.008317446286294e-18
5	5	12	-0.020171951488930123	5.536360870765535e-17
5	5	15	0.042355307671566526	1.5256327960957455e-16
5	6	2	0.03895137917148344	-1.3996228308406318e-15
5	6	3	-0.03894946536857125	1.476254935492785e-15
5	6	4	0.08242168588937474	1.5884796549936662e-15
5	6	5	-0.08188469453418205	-1.3621596690589279e-15
5	6	7	0.34501553242082156	-1.690481275855557e-16
5	6	8	-0.33529470457811067	-1.5157160658790948e-16
5	6	10	-0.27460591071468066	-3.4475027824903943e-16
5	6	11	0.2745860683088262	3.73623332004668e-16
5	6	13	0.1158511115463165	1.0988364858741786e-16
5	6	14	-0.1158193702395955	-2.7032277457115955e-16
5	6	16	0.1778602028885758	-7.580792680981031e-17
5	7	0	0.12109022871268582	-1.0089875270511568e-15
5	7	1	0.30867948459875283	9.92693755007443e-17
5	7	6	0.3450155324208217	-1.690481275855559e-16
5	7	9	-0.12719731991960156	-6.665316807062244e-17
5	7	12	0.15855460386517545	-1.3712165143810592e-15
5	7	15	0.03932044878971184	-6.484592387705618e-16
5	8	0	-0.12123221320748002	1.4492483851485612e-15
5	8	1	-0.3083371922441761	-8.088315528878426e-16
5	8	6	-0.33529470457811084	-1.515716065879095e-16
5	8	9	0.132268332097061	1.800467018930543e-16
5	8	12	-0.1445036826626465	1.1817853795881447e-15
5	8	15	-0.04121641901241321	5.82982731288583e-16
5	9	2	0.07478991731611803	-2.111566063551668e-17
5	9	3	-0.07478109355298299	-5.609568607730182e-17
5	9	4	-0.09856389352115481	-1.740658369050838e-17
5	9	5	0.09708068671948371	7.008317446285905e-18
5	9	7	-0.12719731991960156	-6.665316807062258e-17
5	9	8	0.1322683320970609	1.80046701893054e-16
5	9	10	0.17770104352924943	3.068329080002604e-16
5	9	11	-0.1777035370200765	-3.5470499657910277e-16
5	9	13	-0.16017011663967418	6.207089608745673e-17
5	9	14	0.1601458472082877	2.363769746258901e-17
5	9	16	-0.13000146677099245	1.2508603867433702e-16
5	10	0	-0.09098677628067181	5.163295031707239e-16
5	10	1	-0.24923951506767694	-2.313270951310224e-16
5	10	6	-0.2746059107146807	-3.447502782490391e-16
5	10	9	0.1777010435292495	3.0683290800026075e-16
5	10	12	-0.13012737364868934	8.420026680333552e-16
5	10	15	-0.11210145465434024	8.064564947558182e-16
5	11	0	0.09098544907199028	-8.337260995961675e-16
5	11	1	0.24923548030335313	4.345073991065916e-16
5	11	6	0.27458606830882626	3.7362333200466777e-16
5	11	9	-0.17770353702007663	-3.5470499657910307e-16
5	11	12	0.13007575837940408	-8.995823697226078e-16
5	11	15	0.11202958855494606	-8.316115283188217e-16
5	12	2	-0.04206361581078394	-1.2629199245879465e-16
5	12	3	0.04208756394541554	7.436870107068291e-17
5	12	4	0.014939407891775985	-1.6211889504251436e-16
5	12	5	-0.020171951488930143	5.536360870765532e-17
5	12	7	0.15855460386517523	-1.371216514381057e-15
5	12	8	-0.14450368266264627	1.1817853795881433e-15
5	12	10	-0.13012737364868904	8.420026680333534e-16
5	12	11	0.1300757583794039	-8.995823697226062e-16
5	12	13	-0.1368579293585027	-9.012610348380403e-16
5	12	14	0.13677937588713737	1.2456923169318376e-15
5	12	16	-0.2633918328605925	-1.0876422979969984e-15
5	13	0	0.02329763482524459	-1.0799960955200983e-15
5	13	1	-0.12422352504350169	-4.291142764845695e-16
5	13	6	0.11585111154631636	1.0988364858741792e-16
5	13	9	-0.160170116639674	6.207089608745736e-17
5	13	12	-0.1368579293585028	-9.012610348380405e-16
5	13	15	-0.1491355582163213	-6.487910033157952e-16
5	14	0	-0.023299735304241002	7.229853810739278e-16
5	14	1	0.12421322909241786	7.551938489201418e-16
5	14	6	-0.11581937023959533	-2.703227745711593e-16
5	14	9	0.1601458472082876	2.3637697462588548e-17
5	14	12	0.13677937588713732	1.2456923169318382e-15
5	14	15	0.14899243683869806	7.160962944896332e-16
5	15	2	-0.04687733918451677	5.675733970783049e-17
5	15	3	0.04672962212149122	-1.2095697320373204e-16
5	15	4	-0.04041688270821538	-1.5501251961238611e-16
5	15	5	0.042355307671566485	1.5256327960957465e-16
5	15	7	0.03932044878971171	-6.484592387705611e-16
5	15	8	-0.04121641901241309	5.829827312885833e-16
5	15	10	-0.11210145465434003	8.064564947558176e-16
5	15	11	0.1120295885549459	-8.316115283188213e-16
5	15	13	-0.14913555821632135	-6.487910033157961e-16
5	15	14	0.14899243683869814	7.160962944896337e-16
5	15	16	-0.12307306234307813	-1.2945216535382649e-15
5	16	0	-0.03181176746876665	-1.3855851788826136e-15
5	16	1	-0.0910946054853427	-8.887723676662077e-16
5	16	6	0.1778602028885756	-7.580792680980995e-17
5	16	9	-0.1300014667709923	1.2508603867433752e-16
5	16	12	-0.26339183286059265	-1.0876422979969984e-15
5	16	15	-0.12307306234307792	-1.2945216535382643e-15
6	0	0	-1.1001398862308191e-05	-6.028193952432244e-18
6	0	1	-1.502668186538411e-05	-3.358318802139606e-18
6	0	6	3.667272156682779e-06	-4.185618673460464e-18
6	0	9	-3.450840529409146e-05	-1.1564948109219842e-18
6	0	12	-0.00015419831072493924	-3.751029874081148e-18
6	0	15	-0.00012055236354672847	-4.3618612550845436e-18
6	1	0	-1.5026681865382111e-05	-3.358318802139611e-18
6	1	1	4.811939116542e-05	6.855591555759954e-19
6	1	6	-0.00019454394182743994	-6.477719394529007e-18
6	1	9	3.6577114394693444e-05	1.490159484006842e-18
6	1	12	0.00028574409109565163	3.1092650499590016e-18
6	1	15	3.0503738384089473e-05	-1.4353172036738793e-18
6	2	2	0.03369088646774821	5.9470340358556244e-18
6	2	3	0.03369084066051752	-3.7124952712837705e-18
6	2	10	-0.010089384514782277	-2.92865511061958e-17
6	2	11	-0.010089393221787266	-3.30252808497636e-17
6	2	13	-0.002572279817320916	6.115801496054556e-17
6	2	14	-0.002572833781555353	6.80784771005008e-17
6	3	2	0.03369084066051754	-3.7124952712837836e-18
6	3	3	0.03369079496759309	-1.3375129901502564e-17
6	3	10	-0.010089204715084848	-2.6317725405509177e-17
6	3	11	-0.010089213500891035	-3.0063961148042727e-17
6	3	13	-0.0025725893534068256	6.951959893057236e-17
6	3	14	-0.002573143000192171	7.639632481037388e-17
6	4	4	0.03107892660790977	5.0898829037773494e-17
6	4	5	0.031086611289838518	1.992439944508142e-17
6	4	7	-0.014510257543693924	-1.4285979206462875e-17
6	4	8	-0.014503349671516914	1.6713898123389324e-17
6	4	16	-0.0019150836187472346	-2.1063805032728085e-17
6	5	4	0.03108661128983852	1.992439944508144e-17
6	5	5	0.031094441222724072	-1.1030806949994866e-17
6	5	7	-0.014480813100100628	-2.2180790077387122e-17
6	5	8	-0.014475547891185957	8.751928745200248e-18
6	5	16	-0.0019566554642131183	-2.8507617313940374e-17
6	6	0	3.667272156681263e-06	-4.185618673460457e-18
6	6	1	-0.00019454394182744016	-6.477719394529005e-18
6	6	6	-0.0005023890563279525	5.843680513601803e-20
6	6	9	-0.00035565094447311994	-1.7734971930630424e-18
6	6	12	-0.0010901120985867547	-2.1633269596743544e-18
6	6	15	0.000496835550261426	2.9134771076649115e-18
6	7	4	-0.014510257543693924	-1.4285979206462903e-17
6	7	5	-0.014480813100100631	-2.2180790077387144e-17
6	7	7	-0.02233295861686857	-1.2479297908369876e-17
6	7	8	-0.02226307490200792	-1.0107906895001726e-17
6	7	16	-0.013079272173187991	3.9128846749079026e-17
6	8	4	-0.014503349671516922	1.6713898123389293e-17
6	8	5	-0.014475547891185958	8.751928745200228e-18
6	8	7	-0.022263074902007934	-1.0107906895001692e-17
6	8	8	-0.02220797189711849	-7.843122675508725e-18
6	8	16	-0.012704120074943124	5.027965703255253e-17
6	9	0	-3.450840529408931e-05	-1.1564948109219911e-18
6	9	1	3.657711439469369e-05	1.49015948400684e-18
6	9	6	-0.00035565094447311826	-1.7734971930630513e-18
6	9	9	2.2428851870362366e-05	-5.537064755213215e-19
6	9	12	8.459177461217863e-05	9.082505373713493e-19
6	9	15	-5.605465493933843e-05	-7.649261123071752e-20
6	10	2	-0.010089384514782283	-2.928655110619585e-17
6	10	3	-0.01008920471508485	-2.6317725405509195e-17
6	10	10	-0.0201866433417463	-1.4804934363280348e-18
6	10	11	-0.020186396823256833	1.4940622488785277e-17
6	10	13	0.010903063258697436	5.653314698100219e-17
6	10	14	0.010901821976404083	6.165298016238461e-17
6	11	2	-0.010089393221787273	-3.3025280849763645e-17
6	11	3	-0.01008921350089104	-3.0063961148042727e-17
6	11	10	-0.02018639682325684	1.494062248878529e-17
6	11	11	-0.020186150478124606	3.1368872992488216e-17
6	11	13	0.01090213053652387	4.4241710734691385e-17
6	11	14	0.010900889447818128	4.9391035939537983e-17
6	12	0	-0.00015419831072494074	-3.751029874081159e-18
6	12	1	0.0002857440910956511	3.1092650499589985e-18
6	12	6	-0.0010901120985867536	-2.1633269596743613e-18
6	12	9	8.45917746121799e-05	9.082505373713499e-19
6	12	12	0.0006925988799776102	4.290993978468194e-18
6	12	15	1.4475839049852532e-05	-3.3161066256889757e-18
6	13	2	-0.00257227981732092	6.115801496054564e-17
6	13	3	-0.0025725893534068304	6.951959893057236e-17
6	13	10	0.010903063258697424	5.653314698100217e-17
6	13	11	0.010902130536523856	4.4241710734691354e-17
6	13	13	0.007555562218264226	1.1127413975848306e-16
6	13	14	0.007554142177195187	1.0965321137775132e-16
6	14	2	-0.0025728337815553465	6.807847710050084e-17
6	14	3	-0.0025731430001921644	7.63963248103739e-17
6	14	10	0.010901821976404068	6.16529801623846e-17
6	14	11	0.010900889447818115	4.9391035939537996e-17
6	14	13	0.007554142177195182	1.0965321137775132e-16
6	14	14	0.007552722859938052	1.0795893135930641e-16
6	15	0	-0.00012055236354672637	-4.361861255084558e-18
6	15	1	3.0503738384087972e-05	-1.4353172036738699e-18
6	15	6	0.0004968355502614258	2.913477107664911e-18
6	15	9	-5.605465493933973e-05	-7.649261123071334e-20
6	15	12	1.4475839049852568e-05	-3.3161066256889695e-18
6	15	15	-4.957260362127122e-05	-4.1395040729785814e-18
6	16	4	-0.001915083618747234	-2.106380503272814e-17
6	16	5	-0.0019566554642131175	-2.850761731394037e-17
6	16	7	-0.013079272173187974	3.912884674907898e-17
6	16	8	-0.012704120074943115	5.027965703255246e-17
6	16	16	0.014538453101539919	8.444243087534783e-17
7	0	2	0.5493694001488385	2.6362184025338375e-16
7	0	3	0.5493682774755213	2.298801076623361e-16
7	0	4	-0.46610358708986027	4.01658937839202e-16
7	0	5	-0.4660942586885434	4.692496234621459e-16
7	0	7	-0.12109022871268608	9.788875300621185e-16
7	0	8	-0.12123221320747976	3.839698232002591e-16
7	0	10	0.09098677628067242	-3.73677724355696e-16
7	0	11	0.09098544907199115	-6.9464694985092e-16
7	0	13	-0.023297634825244808	9.492186172334156e-16
7	0	14	-0.023299735304240964	9.908944856102202e-16
7	0	16	0.03181176746876624	1.5769518776620166e-15
7	1	2	-0.24414325764987635	-2.1742254887352536e-16
7	1	3	-0.24414232794264037	2.1455766117286743e-17
7	1	4	0.3288134494433999	7.86097409170729e-16
7	1	5	0.3280738962843706	2.9578514202682866e-16
7	1	7	-0.3086794845987528	-2.750706689482246e-16
7	1	8	-0.3083371922441758	2.1958982808565723e-16
7	1	10	0.24923951506767694	5.75372461199313e-16
7	1	11	0.24923548030335357	1.8442232380835906e-16
7	1	13	0.12422352504350165	4.3351984528777293e-16
7	1	14	0.12421322909241746	4.861512817921967e-16
7	1	16	0.09109460548534305	6.359226777464937e-16
7	2	0	0.5493694001488381	2.636218402533831e-16
7	2	1	-0.24414325764987627	-2.1742254887352566e-16
7	2	6	-0.03895137917148299	1.4666836153907563e-15
7	2	9	-0.07478991731611827	-1.5715341572450613e-16
7	2	12	0.04206361581078415	4.817716346493676e-17
7	2	15	0.04687733918451675	-1.7746846383498735e-16
7	3	0	0.549368277475521	2.298801076623356e-16
7	3	1	-0.24414232794264049	2.1455766117286586e-17
7	3	6	-0.03894946536857146	1.5602547715185474e-15
7	3	9	-0.0747810935529829	-1.1418462591974133e-16
7	3	12	0.04208756394541531	1.7048351049446477e-16
7	3	15	0.0467296221214912	-1.0067809661252209e-16
7	4	0	-0.46610358708986044	4.016589378392024e-16
7	4	1	0.3288134494434003	7.860974091707291e-16
7	4	6	-0.08242168588937464	-9.321151112138922e-16
7	4	9	0.0985638935211547	-3.0975146393454547e-16
7	4	12	-0.014939407891775862	3.6912242118108213e-16
7	4	15	0.040416882708215335	2.943297469253214e-16
7	5	0	-0.4660942586885432	4.692496234621468e-16
7	5	1	0.32807389628437056	2.957851420268288e-16
7	5	6	-0.08188469453418286	-1.1116922828306322e-15
7	5	9	0.09708068671948396	-1.8417267414469616e-16
7	5	12	-0.020171951488930393	2.0211990226995792e-16
7	5	15	0.04235530767156646	1.991061382405412e-16
7	6	2	-0.038951379171482954	1.466683615390759e-15
7	6	3	-0.03894946536857138	1.5602547715185484e-15
7	6	4	-0.08242168588937474	-9.321151112138914e-16
7	6	5	-0.08188469453418296	-1.1116922828306328e-15
7	6	7	-0.345015532420822	-3.35966555851373e-17
7	6	8	-0.33529470457811056	1.7085147361069554e-17
7	6	10	0.27460591071468105	5.48268739508986e-16
7	6	11	0.27458606830882737	1.5056699633308884e-16
7	6	13	-0.11585111154631689	-2.192784502839585e-16
7	6	14	-0.11581937023959543	-6.732863563775685e-16
7	6	16	-0.17786020288857576	1.2487596286026976e-17
7	7	0	-0.121090228712686	9.788875300621183e-16
7	7	1	-0.3086794845987531	-2.750706689482252e-16
7	7	6	-0.3450155324208219	-3.3596655585137414e-17
7	7	9	0.1271973199196018	1.0586907058037658e-16
7	7	12	-0.15855460386517561	1.3720333885774743e-15
7	7	15	-0.039320448789711936	6.844221861383322e-16
7	8	0	-0.12123221320747965	3.839698232002591e-16
7	8	1	-0.308337192244176	2.195898280856567e-16
7	8	6	-0.3352947045781107	1.7085147361070143e-17
7	8	9	0.1322683320970609	3.687463945373376e-16
7	8	12	-0.14450368266264643	1.3191992447370207e-15
7	8	15	-0.04121641901241322	7.03505067696089e-16
7	9	2	-0.07478991731611828	-1.5715341572450595e-16
7	9	3	-0.07478109355298292	-1.1418462591974064e-16
7	9	4	0.09856389352115463	-3.0975146393454586e-16
7	9	5	0.09708068671948399	-1.841726741446962e-16
7	9	7	0.12719731991960181	1.0586907058037631e-16
7	9	8	0.13226833209706088	3.6874639453733775e-16
7	9	10	-0.17770104352924967	-4.064863816664987e-16
7	9	11	-0.17770353702007702	-1.6885851364836702e-16
7	9	13	0.16017011663967418	-6.78599732109262e-17
7	9	14	0.16014584720828784	2.805324864316691e-16
7	9	16	0.13000146677099228	-1.2563181940855763e-16
7	10	0	0.09098677628067224	-3.736777243556963e-16
7	10	1	0.24923951506767714	5.753724611993141e-16
7	10	6	0.274605910714681	5.482687395089858e-16
7	10	9	-0.17770104352924976	-4.0648638166649907e-16
7	10	12	0.1301273736486898	-5.203965435622213e-16
7	10	15	0.11210145465434028	-6.302137111993383e-16
7	11	0	0.09098544907199099	-6.946469498509199e-16
7	11	1	0.24923548030335368	1.8442232380835968e-16
7	11	6	0.27458606830882726	1.5056699633308855e-16
7	11	9	-0.17770353702007707	-1.6885851364836737e-16
7	11	12	0.13007575837940422	-8.140662536397899e-16
7	11	15	0.11202958855494627	-7.89678562856269e-16
7	12	2	0.042063615810784175	4.8177163464936613e-17
7	12	3	0.04208756394541527	1.7048351049446462e-16
7	12	4	-0.014939407891775813	3.691224211810814e-16
7	12	5	-0.020171951488930407	2.0211990226995774e-16
7	12	7	-0.15855460386517545	1.3720333885774737e-15
7	12	8	-0.14450368266264627	1.3191992447370206e-15
7	12	10	0.13012737364868954	-5.203965435622202e-16
7	12	11	0.13007575837940408	-8.140662536397887e-16
7	12	13	0.13685792935850294	9.665517330323781e-16
7	12	14	0.1367793758871369	1.3568676536280976e-15
7	12	16	0.2633918328605928	8.714577031578234e-16
7	13	0	-0.023297634825244787	9.492186172334162e-16
7	13	1	0.12422352504350163	4.3351984528777204e-16
7	13	6	-0.11585111154631675	-2.1927845028395893e-16
7	13	9	0.16017011663967412	-6.785997321092645e-17
7	13	12	0.13685792935850297	9.66551733032378e-16
7	13	15	0.14913555821632127	5.718657741230392e-16
7	14	0	-0.023299735304240815	9.908944856102202e-16
7	14	1	0.12421322909241751	4.861512817921955e-16
7	14	6	-0.11581937023959525	-6.732863563775683e-16
7	14	9	0.16014584720828776	2.8053248643166874e-16
7	14	12	0.13677937588713684	1.356867653628098e-15
7	14	15	0.14899243683869795	7.620074164434119e-16
7	15	2	0.04687733918451673	-1.7746846383498688e-16
7	15	3	0.04672962212149121	-1.0067809661252166e-16
7	15	4	0.04041688270821533	2.9432974692532093e-16
7	15	5	0.04235530767156642	1.9910613824054098e-16
7	15	7	-0.03932044878971182	6.844221861383321e-16
7	15	8	-0.04121641901241314	7.035050676960889e-16
7	15	10	0.11210145465434017	-6.302137111993382e-16
7	15	11	0.11202958855494623	-7.89678562856269e-16
7	15	13	0.1491355582163213	5.718657741230396e-16
7	15	14	0.14899243683869803	7.620074164434126e-16
7	15	16	0.12307306234307788	1.1234598798547663e-15
7	16	0	0.031811767468766336	1.5769518776620166e-15
7	16	1	0.09109460548534302	6.359226777464924e-16
7	16	6	-0.17786020288857549	1.2487596286026321e-17
7	16	9	0.13000146677099222	-1.2563181940855836e-16
7	16	12	0.2633918328605931	8.714577031578234e-16
7	16	15	0.1230730623430778	1.1234598798547653e-15
8	0	0	0.5738109223585754	1.5982283424462498e-15
8	0	1	-0.5727581880683349	6.930677636789943e-16
8	0	6	-0.31852699415557917	2.2391215318253347e-15
8	0	9	0.06689627851978054	-1.6660449374702554e-16
8	0	12	0.10835077147970539	1.7053141683210503e-15
8	0	15	-0.00341376045192579	1.4197332467681957e-15
8	1	0	-0.5727581880683341	6.930677636789958e-16
8	1	1	0.3416509202722995	9.507864038908435e-16
8	1	6	-0.15291924702815138	-9.68410445396475e-16
8	1	9	0.3016555939202715	1.1449456562154963e-16
8	1	12	0.028680782177769936	7.218266169255212e-16
8	1	15	0.17016011248527255	1.4804952796767595e-15
8	2	2	-0.2218520806083333	5.437707718871701e-16
8	2	4	-0.00014064167365573202	-6.677159175474423e-17
8	2	7	0.00027201614495452617	-1.6470825657837404e-16
8	2	10	-0.12899941956140368	9.813510791034741e-17
8	2	13	-0.16952133070980813	4.280673017792547e-16
8	2	16	0.00036902417503751326	-3.583085650079532e-16
8	3	3	0.2218502022546902	-4.549518190057452e-16
8	3	5	0.000140222982687708	1.0479600913398892e-17
8	3	8	-0.00028300998536754307	8.272736261577395e-17
8	3	11	0.1290013994761284	-1.6485563176385574e-16
8	3	14	0.16952839614472626	-4.892973468426422e-16
8	4	2	-0.00014064167365568958	-6.677159175474442e-17
8	4	4	0.004429836825430554	6.656892379035728e-16
8	4	7	-0.1608632949251458	-7.177597385511723e-17
8	4	10	0.00021861242425933573	5.633574668076422e-17
8	4	13	-0.0003088517356362432	-3.4080814989753663e-16
8	4	16	0.11813058549073566	7.627950983204634e-17
8	5	3	0.00014022298268770566	1.0479600913398878e-17
8	5	5	-0.004098329608753254	-5.937124008788512e-16
8	5	8	0.16387968688075435	-1.03626409260492e-17
8	5	11	-0.00022144386445425721	2.256110634152211e-17
8	5	14	0.0003103221382192398	1.0811569715089273e-16
8	6	0	-0.3185269941555791	2.2391215318253367e-15
8	6	1	-0.15291924702815135	-9.68410445396476e-16
8	6	6	-0.4300519983128312	-1.5250163715618818e-15
8	6	9	0.3122575443988995	1.744625794532602e-16
8	6	12	-0.14700697807674373	2.034687419331823e-15
8	6	15	-0.09612912261414186	8.244240055354392e-16
8	7	2	0.0002720161449545895	-1.647082565783742e-16
8	7	4	-0.16086329492514595	-7.177597385511742e-17
8	7	7	-0.17349235160841617	-3.8970433922754385e-17
8	7	10	-0.00041424670668428157	2.7650302979240353e-17
8	7	13	0.0003614570882848104	-1.3117150947871398e-16
8	7	16	-0.031162129084536524	-2.0723651114070079e-16
8	8	3	-0.00028300998536761544	8.272736261577406e-17
8	8	5	0.16387968688075435	-1.0362640926048918e-17
8	8	8	0.15537110162287834	-1.3269897286752754e-16
8	8	11	0.0004221321806725861	4.259412281019335e-17
8	8	14	-0.000361306693996387	1.691032657749556e-16
8	9	0	0.06689627851978044	-1.6660449374702473e-16
8	9	1	0.30165559392027186	1.1449456562155017e-16
8	9	6	0.31225754439889913	1.7446257945325974e-16
8	9	9	-0.1765314143489799	-6.563030592945008e-16
8	9	12	0.23972196859688266	-1.1280786393885078e-15
8	9	15	0.10529694596455878	-9.305507842442122e-16
8	10	2	-0.12899941956140365	9.813510791034733e-17
8	10	4	0.00021861242425929336	5.633574668076431e-17
8	10	7	-0.00041424670668434765	2.7650302979240224e-17
8	10	10	-0.06882497952696483	-3.2410057617383324e-17
8	10	13	-0.11155422977852733	4.356773419475605e-16
8	10	16	-0.0004415729154744348	-2.2226534667534853e-16
8	11	3	0.12900139947612835	-1.648556317638553e-16
8	11	5	-0.00022144386445426082	2.2561106341522158e-17
8	11	8	0.00042213218067261373	4.2594122810193336e-17
8	11	11	0.06882483292995703	-6.54721241164468e-17
8	11	14	0.11156621602891095	-5.609849345920871e-16
8	12	0	0.10835077147970548	1.7053141683210481e-15
8	12	1	0.028680782177769846	7.218266169255204e-16
8	12	6	-0.14700697807674334	2.0346874193318206e-15
8	12	9	0.23972196859688252	-1.128078639388507e-15
8	12	12	0.23249099931814277	-2.605645586093838e-16
8	12	15	0.3182965106308683	8.43722726426164e-16
8	13	2	-0.1695213307098082	4.2806730177925473e-16
8	13	4	-0.00030885173563629587	-3.408081498975362e-16
8	13	7	0.0003614570882847592	-1.311715094787141e-16
8	13	10	-0.11155422977852733	4.3567734194756085e-16
8	13	13	-0.12785766862336237	1.3413243320094686e-15
8	13	16	0.00020069232661922714	-5.370499617088505e-16
8	14	3	0.16952839614472628	-4.892973468426421e-16
8	14	5	0.00031032213821924874	1.081156971508928e-16
8	14	8	-0.00036130669399634426	1.6910326577495541e-16
8	14	11	0.11156621602891104	-5.609849345920873e-16
8	14	14	0.12788604942077036	-1.4649936818605163e-15
8	15	0	-0.003413760451925625	1.4197332467681955e-15
8	15	1	0.17016011248527255	1.4804952796767589e-15
8	15	6	-0.09612912261414168	8.244240055354385e-16
8	15	9	0.10529694596455864	-9.305507842442132e-16
8	15	12	0.3182965106308686	8.437227264261641e-16
8	15	15	0.15591466920073627	9.794422201449928e-16
8	16	2	0.0003690241750374752	-3.5830856500795267e-16
8	16	4	0.1181305854907357	7.627950983204602e-17
8	16	7	-0.031162129084536454	-2.0723651114070103e-16
8	16	10	-0.00044157291547447465	-2.222653466753485e-16
8	16	13	0.00020069232661918586	-5.370499617088507e-16
8	16	16	0.15135804384339174	5.689278064991233e-16
