0	0	0	0.580494836303273	6.218139334098641e-16
0	0	1	0.5736538554771549	1.8715718556379655e-16
0	0	6	-0.30860265494007	2.686056745063119e-16
0	0	9	3.95733192218584e-14	-1.8824281992255398e-15
0	0	11	0.0544529209572145	2.826675433157985e-16
0	0	12	0.096288094482236	-1.3526568303326306e-15
0	1	0	0.5736538554771551	1.8715718556379655e-16
0	1	1	0.33672694096698813	-4.243111978484411e-16
0	1	6	0.1524813248095271	-4.130032116643417e-16
0	1	9	-2.1313844798022076e-13	9.435202440839472e-15
0	1	11	-0.2916124495922377	7.269010555198097e-16
0	1	12	-0.049788935183573926	3.4468482539015565e-16
0	2	2	-0.22340638071750654	-5.215699799486144e-16
0	2	4	0.0001479682038922236	-3.823263205147168e-17
0	2	8	0.00029626244905602857	3.9561621622663714e-16
0	2	10	-0.13665808613526395	-5.92420209740171e-16
0	2	14	0.1788313967783736	4.3622677120536446e-16
0	3	3	0.22340638071750538	-1.0952042697848191e-16
0	3	5	0.0001479682038917502	-1.5615185088689314e-17
0	3	7	0.0002962624490546007	3.840801925664493e-16
0	3	9	-0.1366580861352636	-3.500932413034528e-17
0	3	11	1.0111816582320709e-13	-4.4579482943452984e-15
0	3	13	-0.178831396778373	-5.1653656174440795e-17
0	4	2	0.00014796820389223258	-3.8232632051471723e-17
0	4	4	0.0014923320807028045	-1.424200555947652e-16
0	4	8	0.16396731508973747	-3.900641465899557e-16
0	4	10	-0.0002410723585517013	7.569740990191846e-17
0	4	14	-0.00030321266492589453	4.159774572935316e-16
0	5	3	0.00014796820389175667	-1.561518508868924e-17
0	5	5	-0.0014923320807024617	3.4832159318657455e-16
0	5	7	-0.16396731508973753	2.5705473557933816e-16
0	5	9	0.00024107235855235333	-1.6309466239042086e-16
0	5	13	-0.0003032126649258879	3.6993659429090617e-16
0	6	0	-0.3086026549400699	2.68605674506311e-16
0	6	1	0.15248132480952695	-4.1300321166434206e-16
0	6	6	-0.427834379870801	8.821679576815456e-16
0	6	9	2.188553212474363e-13	-9.330754264188845e-15
0	6	11	0.29903277884329027	-3.2917735837915667e-16
0	6	12	-0.1210324899785225	-7.79909313780574e-16
0	7	3	0.0002962624490546054	3.8408019256644944e-16
0	7	5	-0.16396731508973747	2.570547355793383e-16
0	7	7	0.1584116397959311	3.224263634356273e-16
0	7	9	0.0004475484376751969	6.341349024288489e-18
0	7	13	-0.0003572186793691559	-3.303145834001266e-16
0	8	2	0.0002962624490560104	3.956162162266374e-16
0	8	4	0.16396731508973744	-3.9006414658995583e-16
0	8	8	-0.1584116397959306	-1.8210451145194015e-16
0	8	10	-0.00044754843767529215	1.605151264108723e-16
0	8	14	-0.0003572186793697579	-5.450693553168579e-16
0	9	0	3.9573319221858425e-14	-1.8824281992255394e-15
0	9	1	-2.1313844798022079e-13	9.435202440839475e-15
0	9	3	-0.13665808613526367	-3.5009324130345365e-17
0	9	5	0.00024107235855236607	-1.6309466239042096e-16
0	9	6	2.1885532124743637e-13	-9.330754264188837e-15
0	9	7	0.00044754843767521495	6.341349024288686e-18
0	9	9	0.07614858249867446	3.149309904199407e-16
0	9	11	-2.1283465647065194e-13	9.087097751522993e-15
0	9	12	1.5435638935245323e-13	-7.104819442099731e-15
0	9	13	0.12743769557779347	5.200725606300184e-16
0	10	2	-0.136658086135264	-5.924202097401711e-16
0	10	4	-0.0002410723585517083	7.569740990191843e-17
0	10	8	-0.0004475484376752731	1.6051512641087207e-16
0	10	10	-0.07614858249867451	-7.039117330029425e-16
0	10	14	0.12743769557779328	7.998401154860673e-16
0	11	0	0.05445292095721456	2.826675433157987e-16
0	11	1	-0.29161244959223787	7.269010555198105e-16
0	11	3	1.0111816582320706e-13	-4.4579482943452945e-15
0	11	6	0.2990327788432902	-3.2917735837915687e-16
0	11	9	-2.12834656470652e-13	9.087097751522995e-15
0	11	11	-0.21506201467574132	5.897646763247782e-16
0	11	12	0.21133346671289735	8.402286818719441e-16
0	11	13	-9.356530284774441e-14	3.839201301036189e-15
0	12	0	0.096288094482236	-1.3526568303326308e-15
0	12	1	-0.04978893518357401	3.4468482539015535e-16
0	12	6	-0.12103248997852256	-7.799093137805739e-16
0	12	9	1.5435638935245316e-13	-7.104819442099729e-15
0	12	11	0.21133346671289724	8.402286818719443e-16
0	12	12	0.26183077156629875	-4.476745808770147e-16
0	13	3	-0.17883139677837293	-5.1653656174440776e-17
0	13	5	-0.0003032126649258731	3.6993659429090617e-16
0	13	7	-0.0003572186793691436	-3.303145834001264e-16
0	13	9	0.1274376955777935	5.200725606300182e-16
0	13	11	-9.356530284774437e-14	3.839201301036188e-15
0	13	13	0.16433736545178942	9.806567729126991e-16
0	14	2	0.17883139677837356	4.362267712053643e-16
0	14	4	-0.0003032126649258809	4.159774572935316e-16
0	14	8	-0.0003572186793697792	-5.450693553168578e-16
0	14	10	0.12743769557779333	7.998401154860673e-16
0	14	14	-0.1643373654517891	-1.4022628158640432e-15
1	0	2	0.5498428486778849	5.854458430825538e-16
1	0	3	0.5498428486778808	4.878248616516503e-16
1	0	4	0.46551588207627237	-4.706064004059957e-16
1	0	5	-0.4655158820762741	5.795494929916227e-16
1	0	7	0.1171985375295809	2.3643969070353284e-16
1	0	8	-0.11719853752958076	-8.694799760946786e-17
1	0	9	-0.08828291644342258	5.386092043912887e-17
1	0	10	0.08828291644342241	3.892002013897176e-17
1	0	11	6.525330807817248e-14	-2.6507661662933597e-15
1	0	13	0.027769203105178747	2.4278090644475507e-16
1	0	14	0.027769203105178945	4.869415975082418e-16
1	1	2	0.24423318460790414	-1.2029566053042768e-16
1	1	3	0.24423318460790258	1.2187127704369405e-16
1	1	4	0.3262283872768784	-3.3372783506873197e-16
1	1	5	-0.326228387276879	6.703059369709686e-16
1	1	7	-0.3010407999519162	2.988342300535488e-16
1	1	8	0.30104079995191557	-6.952962502808128e-16
1	1	9	0.24212754899281813	-8.292185968411776e-16
1	1	10	-0.2421275489928182	7.96868619381572e-16
1	1	11	-1.77724581931035e-13	7.676511988183503e-15
1	1	13	0.11469866894290663	-3.219538867857422e-17
1	1	14	0.11469866894290696	-5.420229968582239e-17
1	2	0	0.5498428486778848	5.85445843082554e-16
1	2	1	0.24423318460790405	-1.2029566053042768e-16
1	2	6	-0.033060660905262	1.0568417444097374e-16
1	2	9	-5.436394308150184e-14	1.4800756307932627e-15
1	2	11	-0.07377949734050403	2.6736523324512016e-16
1	2	12	0.030942781834428442	4.053056284680831e-17
1	3	0	0.5498428486778808	4.878248616516504e-16
1	3	1	0.24423318460790255	1.218712770436938e-16
1	3	6	-0.03306066090526283	1.0764253655673954e-16
1	3	9	-5.4878161640760347e-14	2.4847777821238204e-15
1	3	11	-0.07377949734050308	1.3565428604731805e-16
1	3	12	0.03094278183442777	-4.0495071612658426e-16
1	4	0	0.4655158820762723	-4.706064004059958e-16
1	4	1	0.32622838727687836	-3.3372783506873217e-16
1	4	6	0.08236395033899878	-7.994015441063712e-16
1	4	9	-6.959175658149668e-14	2.6244555967431357e-15
1	4	11	-0.09582625124736838	4.94122780917527e-16
1	4	12	0.007765840315761322	-1.502360140860816e-16
1	5	0	-0.4655158820762739	5.79549492991623e-16
1	5	1	-0.32622838727687886	6.703059369709688e-16
1	5	6	-0.08236395033899846	3.834801423219848e-16
1	5	9	7.004903437521015e-14	-2.282179144530216e-15
1	5	11	0.09582625124736859	-3.9466590490136005e-16
1	5	12	-0.007765840315761555	1.0541390234733686e-16
1	6	2	-0.033060660905262	1.0568417444097334e-16
1	6	3	-0.03306066090526274	1.0764253655673922e-16
1	6	4	0.0823639503389988	-7.994015441063715e-16
1	6	5	-0.08236395033899843	3.834801423219852e-16
1	6	7	0.3315332988949003	2.5734544140291705e-16
1	6	8	-0.3315332988948995	1.58336498361346e-16
1	6	9	-0.2642452982598614	6.23898081721059e-16
1	6	10	0.264245298259861	-8.264031724023331e-16
1	6	11	1.9398925919242827e-13	-8.39383660003927e-15
1	6	13	0.08919561149854141	-5.266602757332674e-16
1	6	14	0.08919561149854266	-6.114482820534217e-16
1	7	0	0.11719853752958088	2.364396907035332e-16
1	7	1	-0.3010407999519163	2.988342300535492e-16
1	7	6	0.33153329889490024	2.573454414029169e-16
1	7	9	-1.0051321679741628e-13	4.4446386212842946e-15
1	7	11	-0.13721968770073453	-6.607842326915143e-17
1	7	12	0.13851063477452252	6.885239210489491e-16
1	8	0	-0.11719853752958068	-8.694799760946777e-17
1	8	1	0.3010407999519157	-6.952962502808129e-16
1	8	6	-0.3315332988948996	1.583364983613462e-16
1	8	9	1.0097927663011926e-13	-4.459682815930669e-15
1	8	11	0.1372196877007344	-2.4898340092953525e-17
1	8	12	-0.13851063477452213	-4.676871102356941e-16
1	9	0	-0.08828291644342261	5.3860920439128663e-17
1	9	1	0.242127548992818	-8.292185968411775e-16
1	9	2	-5.43639430815018e-14	1.4800756307932617e-15
1	9	3	-5.48781616407604e-14	2.4847777821238215e-15
1	9	4	-6.959175658149676e-14	2.6244555967431365e-15
1	9	5	7.004903437521022e-14	-2.2821791445302157e-15
1	9	6	-0.26424529825986137	6.238980817210588e-16
1	9	7	-1.0051321679741633e-13	4.444638621284293e-15
1	9	8	1.0097927663011928e-13	-4.4596828159306675e-15
1	9	9	2.686227709590266e-13	-1.1469458622224809e-14
1	9	10	-1.3415268690696562e-13	5.72265125005804e-15
1	9	11	0.18376930949894807	-4.2804426563143116e-16
1	9	12	-0.11541527056182038	-1.5901164053211685e-16
1	9	13	-9.74011263996352e-14	4.513313894760347e-15
1	9	14	-9.694679583178104e-14	4.452070867690842e-15
1	10	0	0.08828291644342247	3.892002013897177e-17
1	10	1	-0.24212754899281808	7.968686193815726e-16
1	10	6	0.26424529825986115	-8.264031724023332e-16
1	10	9	-1.3415268690696567e-13	5.722651250058042e-15
1	10	11	-0.18376930949894804	5.374985247111141e-16
1	10	12	0.11541527056182077	4.3197773750054523e-16
1	11	0	6.525330807817249e-14	-2.650766166293362e-15
1	11	1	-1.7772458193103497e-13	7.676511988183504e-15
1	11	2	-0.07377949734050399	2.6736523324512016e-16
1	11	3	-0.07377949734050307	1.3565428604731813e-16
1	11	4	-0.09582625124736838	4.94122780917527e-16
1	11	5	0.0958262512473686	-3.9466590490136025e-16
1	11	6	1.9398925919242822e-13	-8.393836600039272e-15
1	11	7	-0.13721968770073456	-6.607842326915146e-17
1	11	8	0.13721968770073442	-2.489834009295349e-17
1	11	9	0.18376930949894815	-4.28044265631431e-16
1	11	10	-0.18376930949894807	5.37498524711114e-16
1	11	11	-2.68742547208485e-13	1.1638001640230128e-14
1	11	12	8.476512016167931e-14	-3.4637152183607083e-15
1	11	13	-0.1332796046536241	1.226763010801032e-16
1	11	14	-0.13327960465362487	1.8227500763848679e-16
1	12	2	0.03094278183442841	4.053056284680824e-17
1	12	3	0.030942781834427745	-4.0495071612658406e-16
1	12	4	0.0077658403157612604	-1.5023601408608177e-16
1	12	5	-0.00776584031576151	1.0541390234733718e-16
1	12	7	0.13851063477452252	6.885239210489496e-16
1	12	8	-0.13851063477452202	-4.676871102356949e-16
1	12	9	-0.11541527056182038	-1.5901164053211724e-16
1	12	10	0.11541527056182072	4.3197773750054553e-16
1	12	11	8.476512016167922e-14	-3.463715218360709e-15
1	12	13	-0.11628134429339156	9.186033591298164e-16
1	12	14	-0.11628134429339278	8.387053731283562e-16
1	13	0	0.027769203105178785	2.4278090644475566e-16
1	13	1	0.11469866894290669	-3.219538867857427e-17
1	13	6	0.08919561149854148	-5.266602757332672e-16
1	13	9	-9.740112639963521e-14	4.513313894760347e-15
1	13	11	-0.1332796046536241	1.2267630108010293e-16
1	13	12	-0.11628134429339158	9.186033591298172e-16
1	14	0	0.027769203105178993	4.86941597508242e-16
1	14	1	0.11469866894290702	-5.4202299685822934e-17
1	14	6	0.08919561149854267	-6.114482820534216e-16
1	14	9	-9.694679583178103e-14	4.452070867690843e-15
1	14	11	-0.13327960465362482	1.8227500763848664e-16
1	14	12	-0.11628134429339282	8.38705373128356e-16
2	2	2	0.03368320311529682	-1.7198668841962477e-17
2	2	3	0.0336832031152967	-5.542493373873429e-18
2	2	9	0.009914394895757937	-2.0325612222019287e-17
2	2	10	-0.009914394895757942	3.8181369655507486e-17
2	2	13	0.003554383506289152	4.4297320687529505e-18
2	2	14	0.003554383506289119	5.003961358001023e-17
2	3	2	0.0336832031152967	-5.542493373873437e-18
2	3	3	0.033683203115296566	6.158457365486348e-18
2	3	9	0.00991439489575789	-1.5463495258024133e-17
2	3	10	-0.009914394895757895	3.334251592416501e-17
2	3	13	0.0035543835062891503	1.0142872484344755e-17
2	3	14	0.0035543835062891165	5.579402808093479e-17
2	4	4	0.03112754305082372	-1.4949265074264673e-17
2	4	5	-0.03112754305082367	1.410866409121295e-17
2	4	7	-0.014159346326394756	8.057784860668243e-17
2	4	8	0.014159346326394734	-7.107331668968364e-17
2	5	4	-0.031127543050823672	1.4108664091212968e-17
2	5	5	0.031127543050823624	-1.325062556955028e-17
2	5	7	0.01415934632639473	-7.074520044229542e-17
2	5	8	-0.014159346326394708	6.124521263795769e-17
2	7	4	-0.01415934632639476	8.057784860668243e-17
2	7	5	0.014159346326394732	-7.074520044229541e-17
2	7	7	-0.021952733071896387	-2.7865139422256796e-17
2	7	8	0.0219527330718963	1.3836099327147109e-17
2	8	4	0.014159346326394737	-7.107331668968368e-17
2	8	5	-0.01415934632639471	6.12452126379577e-17
2	8	7	0.021952733071896297	1.383609932714712e-17
2	8	8	-0.021952733071896206	1.867290909284471e-19
2	9	2	0.009914394895757935	-2.032561222201929e-17
2	9	3	0.009914394895757886	-1.5463495258024127e-17
2	9	9	-0.01978709580043803	1.1629063809621136e-17
2	9	10	0.019787095800438054	-1.5987905273641578e-17
2	9	11	1.4452117064969084e-14	-6.361588540531073e-16
2	9	13	0.00904813247082221	-7.153493372493725e-17
2	9	14	0.009048132470822246	-7.425421713173014e-17
2	10	2	-0.009914394895757942	3.8181369655507486e-17
2	10	3	-0.009914394895757891	3.3342515924164996e-17
2	10	9	0.019787095800438047	-1.598790527364157e-17
2	10	10	-0.019787095800438075	2.0370507608235774e-17
2	10	11	-1.4452143486299064e-14	6.359448197905983e-16
2	10	13	-0.009048132470822225	7.976519706580508e-17
2	10	14	-0.009048132470822264	8.252288283924502e-17
2	11	9	1.445211706496908e-14	-6.361588540531072e-16
2	11	10	-1.4452143486299076e-14	6.359448197905984e-16
2	13	2	0.0035543835062891516	4.429732068752932e-18
2	13	3	0.003554383506289148	1.0142872484344763e-17
2	13	9	0.00904813247082221	-7.153493372493724e-17
2	13	10	-0.009048132470822225	7.976519706580506e-17
2	13	13	0.0054750101099974606	-8.352307593870031e-17
2	13	14	0.005475010109997474	-8.916735319132825e-17
2	14	2	0.0035543835062891204	5.003961358001024e-17
2	14	3	0.003554383506289116	5.579402808093478e-17
2	14	9	0.009048132470822248	-7.425421713173011e-17
2	14	10	-0.009048132470822265	8.252288283924499e-17
2	14	13	0.005475010109997475	-8.916735319132824e-17
2	14	14	0.005475010109997489	-9.475825637503034e-17
3	0	2	-0.5498428486778845	-2.3770190673016405e-16
3	0	3	0.5498428486778812	9.442819316809421e-17
3	0	4	-0.4655158820762717	2.4141419504158983e-16
3	0	5	-0.4655158820762734	3.5051754441012016e-16
3	0	7	0.11719853752958166	2.2203582739615659e-16
3	0	8	0.11719853752958287	3.6225782874593105e-16
3	0	9	-0.08828291644342286	4.642084239489983e-16
3	0	10	-0.08828291644342226	-6.808569491802319e-18
3	0	11	6.47890554123109e-14	-2.3263827551248696e-15
3	0	13	0.027769203105179045	2.384349618711484e-17
3	0	14	-0.02776920310517878	-3.571081321322914e-16
3	1	2	-0.24423318460790386	4.195785913423685e-17
3	1	3	0.24423318460790247	-8.411577762404286e-17
3	1	4	-0.32622838727687864	7.492162981847666e-16
3	1	5	-0.326228387276879	5.6096371721985e-16
3	1	7	-0.3010407999519146	7.505803780981015e-16
3	1	8	-0.30104079995191524	2.4637946006090023e-16
3	1	9	0.24212754899281863	-8.462987932829537e-16
3	1	10	0.24212754899281755	-8.833198755587724e-16
3	1	11	-1.7684089920383565e-13	8.043691937075274e-15
3	1	13	0.11469866894290653	-3.2606795795691096e-16
3	1	14	-0.1146986689429074	-1.8924483862860783e-16
3	2	0	-0.5498428486778844	-2.3770190673016405e-16
3	2	1	-0.2442331846079039	4.1957859134236976e-17
3	2	6	0.033060660905261524	2.5009868537723886e-16
3	2	9	5.3792689665313876e-14	-3.1836847737559076e-15
3	2	11	0.07377949734050386	-4.592653313142321e-16
3	2	12	-0.030942781834428033	5.470141395856183e-16
3	3	0	0.5498428486778812	9.442819316809396e-17
3	3	1	0.2442331846079024	-8.4115777624043e-17
3	3	6	-0.03306066090526266	-4.462139036270806e-18
3	3	9	-5.476868058096826e-14	2.46337500120676e-15
3	3	11	-0.07377949734050324	2.234357738384503e-16
3	3	12	0.030942781834428137	-2.4065418732974884e-16
3	4	0	-0.46551588207627165	2.4141419504158993e-16
3	4	1	-0.3262283872768785	7.492162981847668e-16
3	4	6	-0.08236395033899804	4.1428726990536467e-17
3	4	9	7.061583725226968e-14	-3.462252037222602e-15
3	4	11	0.09582625124736832	-1.5930617531571904e-16
3	4	12	-0.007765840315761284	2.9970556423767786e-17
3	5	0	-0.46551588207627326	3.5051754441012036e-16
3	5	1	-0.32622838727687886	5.609637172198499e-16
3	5	6	-0.08236395033899792	3.578595896783925e-16
3	5	9	7.001547376536526e-14	-2.2788345211246494e-15
3	5	11	0.09582625124736821	-4.218283690877095e-16
3	5	12	-0.00776584031576148	1.5885143766969292e-16
3	6	2	0.033060660905261524	2.500986853772391e-16
3	6	3	-0.03306066090526262	-4.4621390362711016e-18
3	6	4	-0.08236395033899799	4.142872699053696e-17
3	6	5	-0.08236395033899797	3.5785958967839293e-16
3	6	7	0.3315332988948994	-1.5145827389632292e-16
3	6	8	0.3315332988949005	1.493526902650055e-16
3	6	9	-0.2642452982598619	8.300828460580666e-16
3	6	10	-0.26424529825986076	6.784403486928242e-16
3	6	11	1.931342481415932e-13	-8.205115736221712e-15
3	6	13	0.0891956114985418	-5.972256336300038e-16
3	6	14	-0.0891956114985418	1.0706248163664905e-15
3	7	0	0.11719853752958163	2.2203582739615659e-16
3	7	1	-0.3010407999519147	7.505803780981017e-16
3	7	6	0.33153329889489935	-1.514582738963231e-16
3	7	9	-1.0050617796656396e-13	4.457575831889014e-15
3	7	11	-0.1372196877007341	3.0058410246647844e-17
3	7	12	0.13851063477452197	3.59120429985883e-16
3	8	0	0.11719853752958276	3.6225782874593095e-16
3	8	1	-0.30104079995191535	2.4637946006090053e-16
3	8	6	0.3315332988949007	1.4935269026500585e-16
3	8	9	-9.957866556614806e-14	3.952556377875857e-15
3	8	11	-0.1372196877007353	-1.5886679665885146e-16
3	8	12	0.13851063477452286	8.197586003645113e-16
3	9	0	-0.0882829164434228	4.642084239489982e-16
3	9	1	0.24212754899281855	-8.462987932829539e-16
3	9	2	5.379268966531387e-14	-3.1836847737559076e-15
3	9	3	-5.476868058096827e-14	2.4633750012067603e-15
3	9	4	7.061583725226962e-14	-3.4622520372226e-15
3	9	5	7.001547376536528e-14	-2.27883452112465e-15
3	9	6	-0.26424529825986187	8.300828460580669e-16
3	9	7	-1.0050617796656405e-13	4.457575831889016e-15
3	9	8	-9.95786655661481e-14	3.9525563778758575e-15
3	9	9	2.6852776373756467e-13	-1.1445467810677406e-14
3	9	10	1.344185565419239e-13	-5.7190385268494e-15
3	9	11	0.18376930949894854	-4.975233931989974e-16
3	9	12	-0.11541527056182073	-2.8974585169830756e-16
3	9	13	-9.753293141330905e-14	4.484890299698674e-15
3	9	14	9.708428159514355e-14	-4.317008459460127e-15
3	10	0	-0.08828291644342232	-6.808569491802251e-18
3	10	1	0.24212754899281744	-8.833198755587728e-16
3	10	6	-0.2642452982598609	6.784403486928243e-16
3	10	9	1.344185565419239e-13	-5.719038526849403e-15
3	10	11	0.18376930949894776	-5.337452953574085e-16
3	10	12	-0.11541527056182004	8.289541041511026e-17
3	11	0	6.478905541231097e-14	-2.326382755124868e-15
3	11	1	-1.7684089920383578e-13	8.04369193707528e-15
3	11	2	0.07377949734050386	-4.592653313142321e-16
3	11	3	-0.07377949734050324	2.2343577383845045e-16
3	11	4	0.09582625124736834	-1.5930617531571938e-16
3	11	5	0.09582625124736828	-4.2182836908770977e-16
3	11	6	1.9313424814159306e-13	-8.205115736221715e-15
3	11	7	-0.13721968770073412	3.0058410246647566e-17
3	11	8	-0.13721968770073534	-1.5886679665885159e-16
3	11	9	0.1837693094989486	-4.9752339319899725e-16
3	11	10	0.18376930949894785	-5.337452953574087e-16
3	11	11	-2.6964264796549805e-13	1.1318029466972122e-14
3	11	12	8.448299290971544e-14	-3.3604050841110163e-15
3	11	13	-0.1332796046536243	2.5481233680084024e-16
3	11	14	0.13327960465362482	-3.00127837443192e-16
3	12	2	-0.03094278183442803	5.470141395856185e-16
3	12	3	0.030942781834428133	-2.4065418732974894e-16
3	12	4	-0.007765840315761252	2.997055642376823e-17
3	12	5	-0.00776584031576144	1.5885143766969322e-16
3	12	7	0.13851063477452186	3.5912042998588366e-16
3	12	8	0.13851063477452283	8.197586003645117e-16
3	12	9	-0.11541527056182076	-2.8974585169830825e-16
3	12	10	-0.11541527056182001	8.289541041511001e-17
3	12	11	8.448299290971544e-14	-3.360405084111016e-15
3	12	13	-0.11628134429339142	5.520822725439087e-16
3	12	14	0.11628134429339251	-1.2466800709130757e-15
3	13	0	0.027769203105179108	2.3843496187114987e-17
3	13	1	0.1146986689429066	-3.260679579569109e-16
3	13	6	0.0891956114985418	-5.972256336300035e-16
3	13	9	-9.753293141330898e-14	4.4848902996986766e-15
3	13	11	-0.13327960465362426	2.5481233680084004e-16
3	13	12	-0.1162813442933915	5.520822725439092e-16
3	14	0	-0.02776920310517884	-3.571081321322916e-16
3	14	1	-0.11469866894290745	-1.8924483862860748e-16
3	14	6	-0.08919561149854184	1.0706248163664903e-15
3	14	9	9.708428159514356e-14	-4.317008459460124e-15
3	14	11	0.1332796046536248	-3.0012783744319157e-16
3	14	12	0.11628134429339254	-1.246680070913076e-15
4	0	0	2.1776398210976815	5.173803078999957e-16
4	0	1	-0.7677008983163974	-5.460091700303988e-16
4	0	6	-0.013560849943708158	-3.556338612010101e-16
4	0	9	5.46582033629035e-14	-1.985591435425922e-15
4	0	11	0.07462821164053729	4.2949035457513824e-17
4	0	12	-0.05561888191754463	1.3863432731948423e-15
4	1	0	-0.7677008983163975	-5.460091700303992e-16
4	1	1	-1.3952849044181999	1.3144687573105508e-15
4	1	6	-0.917151061813621	2.2815721448514694e-15
4	1	9	-2.1657487194276466e-13	9.65515287372037e-15
4	1	11	-0.2962935451334197	1.3449965036096622e-15
4	1	12	0.11207336608083932	1.0481596566487356e-15
4	2	2	-1.3482920710280366	-4.534088828318801e-16
4	2	10	0.38044326826485175	-3.823723595159246e-16
4	2	14	0.23040808967019216	1.898540943213966e-16
4	3	3	1.3482920710280295	-7.260690284351113e-16
4	3	9	0.3804432682648501	-1.0077723595586053e-16
4	3	11	-2.765722571601064e-13	1.2044270607640895e-14
4	3	13	-0.23040808967019075	-4.095575127623471e-17
4	4	4	-1.1159178642954657	1.3703359266051172e-15
4	4	8	-0.5783289706960159	1.794214713861035e-15
4	5	5	1.1159178642954626	-1.057673282524462e-15
4	5	7	0.5783289706960152	-2.1307997552999335e-15
4	6	0	-0.013560849943708648	-3.5563386120101067e-16
4	6	1	-0.917151061813621	2.2815721448514706e-15
4	6	6	0.9702269658155389	3.1099482128973105e-16
4	6	9	3.5845324443465756e-13	-1.612988871170813e-14
4	6	11	0.4901910506632794	-3.9342460958903335e-16
4	6	12	0.6467748689496892	-9.13681906571184e-16
4	7	5	0.5783289706960153	-2.130799755299934e-15
4	7	7	-0.9222709642436148	-1.2958527326306073e-16
4	8	4	-0.578328970696016	1.7942147138610355e-15
4	8	8	0.9222709642436137	3.2787459282558035e-16
4	9	0	5.4658203362903525e-14	-1.9855914354259282e-15
4	9	1	-2.1657487194276458e-13	9.655152873720358e-15
4	9	3	0.3804432682648499	-1.0077723595586073e-16
4	9	6	3.5845324443465736e-13	-1.6129888711708136e-14
4	9	9	-0.8483483521501379	3.036788615636332e-17
4	9	11	-1.7859093123728287e-14	4.498896786118619e-16
4	9	12	1.9676451613208847e-13	-7.998497236847347e-15
4	9	13	0.41489801824219824	-2.150485043975336e-15
4	10	2	0.38044326826485175	-3.8237235951592463e-16
4	10	10	0.8483483521501374	7.362502372385957e-16
4	10	14	0.41489801824219946	-2.8434810903146928e-15
4	11	0	0.07462821164053743	4.2949035457513306e-17
4	11	1	-0.29629354513341977	1.3449965036096628e-15
4	11	3	-2.7657225716010637e-13	1.2044270607640889e-14
4	11	6	0.4901910506632793	-3.934246095890338e-16
4	11	9	-1.7859093123728234e-14	4.498896786118777e-16
4	11	11	-0.8740068248575678	1.0776386136860531e-15
4	11	12	0.26816395114977604	-7.223905219751773e-16
4	11	13	-3.0332053858362137e-13	1.2733951582746121e-14
4	12	0	-0.05561888191754492	1.3863432731948438e-15
4	12	1	0.11207336608083954	1.0481596566487368e-15
4	12	6	0.6467748689496892	-9.136819065711839e-16
4	12	9	1.9676451613208837e-13	-7.99849723684735e-15
4	12	11	0.2681639511497761	-7.223905219751764e-16
4	12	12	-1.0384047920261634	-4.2473040487860104e-16
4	13	3	-0.23040808967019047	-4.0955751276234314e-17
4	13	9	0.4148980182421983	-2.150485043975336e-15
4	13	11	-3.033205385836214e-13	1.2733951582746123e-14
4	13	13	0.70581449793062	1.0285374326170082e-16
4	14	2	0.23040808967019216	1.8985409432139608e-16
4	14	10	0.4148980182421995	-2.843481090314691e-15
4	14	14	-0.7058144979306218	-1.1644297828082694e-15
5	0	2	0.5498428486778836	-4.045631092090693e-16
5	0	3	0.5498428486778831	-3.1483906398280003e-16
5	0	4	-0.46551588207627487	3.079919600194511e-16
5	0	5	0.4655158820762719	2.480933625133048e-16
5	0	7	-0.11719853752958231	-3.950544815384877e-16
5	0	8	0.11719853752958079	-2.572436094894455e-16
5	0	9	-0.08828291644342191	-7.935784285722782e-17
5	0	10	0.08828291644342239	4.408009778581715e-16
5	0	11	6.406642406660098e-14	-3.061024748328799e-15
5	0	13	0.027769203105179597	-4.890481340503806e-16
5	0	14	0.02776920310517888	4.2480426434108523e-16
5	1	2	0.24423318460790328	-3.6637570540132375e-16
5	1	3	0.24423318460790325	-9.080207139799599e-17
5	1	4	-0.3262283872768797	9.994339037421805e-18
5	1	5	0.32622838727687803	6.233110021925538e-17
5	1	7	0.301040799951917	-1.0271625362613238e-15
5	1	8	-0.301040799951916	7.893175446260077e-16
5	1	9	0.24212754899281683	-1.8965888043947497e-16
5	1	10	-0.24212754899281744	5.507180679237323e-16
5	1	11	-1.7660614781112853e-13	7.312997103660399e-15
5	1	13	0.11469866894290794	-1.171343652173658e-15
5	1	14	0.11469866894290767	-4.580575009475858e-16
5	2	0	0.5498428486778834	-4.0456310920906946e-16
5	2	1	0.24423318460790325	-3.6637570540132375e-16
5	2	6	-0.03306066090526242	-4.1048748154425345e-16
5	2	9	-5.4353283220324224e-14	1.4898815490941019e-15
5	2	11	-0.07377949734050362	5.043665281432673e-16
5	2	12	0.030942781834428338	-2.0717895900555458e-16
5	3	0	0.549842848677883	-3.1483906398279983e-16
5	3	1	0.24423318460790328	-9.080207139799591e-17
5	3	6	-0.03306066090526184	-3.159412292103901e-16
5	3	9	-5.48777132537102e-14	2.4886165483756652e-15
5	3	11	-0.0737794973405036	3.037937318923573e-16
5	3	12	0.03094278183442816	-4.618081973336073e-16
5	4	0	-0.4655158820762751	3.079919600194507e-16
5	4	1	-0.3262283872768796	9.994339037421814e-18
5	4	6	-0.08236395033899865	8.120542438253052e-16
5	4	9	7.062716133549395e-14	-3.4839368806158244e-15
5	4	11	0.09582625124736878	-3.6153265316632383e-16
5	4	12	-0.007765840315761508	2.358882819812483e-16
5	5	0	0.46551588207627215	2.4809336251330477e-16
5	5	1	0.32622838727687803	6.233110021925552e-17
5	5	6	0.08236395033899849	-7.814099847177216e-16
5	5	9	-7.020035803933506e-14	3.829286381134232e-15
5	5	11	-0.09582625124736813	4.4002966726822254e-16
5	5	12	0.007765840315761352	-1.1253780028318255e-16
5	6	2	-0.03306066090526243	-4.1048748154425394e-16
5	6	3	-0.03306066090526185	-3.159412292103904e-16
5	6	4	-0.08236395033899864	8.120542438253059e-16
5	6	5	0.08236395033899849	-7.814099847177218e-16
5	6	7	-0.33153329889490163	4.3710361727934563e-16
5	6	8	0.3315332988949001	-4.714784977834655e-16
5	6	9	-0.2642452982598597	1.1678913742385952e-16
5	6	10	0.26424529825986054	-2.9755131288478385e-16
5	6	11	1.9204826531754605e-13	-8.776143620946174e-15
5	6	13	0.08919561149854335	-9.175638634872815e-16
5	6	14	0.08919561149854338	-1.058203640898825e-15
5	7	0	-0.11719853752958227	-3.950544815384878e-16
5	7	1	0.30104079995191696	-1.0271625362613245e-15
5	7	6	-0.3315332988949015	4.3710361727934583e-16
5	7	9	1.0000332185063038e-13	-3.961330142445641e-15
5	7	11	0.13721968770073556	-3.1604304412843304e-16
5	7	12	-0.13851063477452302	-4.17348906112091e-16
5	8	0	0.11719853752958082	-2.5724360948944543e-16
5	8	1	-0.30104079995191596	7.893175446260081e-16
5	8	6	0.3315332988949001	-4.714784977834657e-16
5	8	9	-9.957248811778455e-14	3.936968024505658e-15
5	8	11	-0.13721968770073462	1.8507087398017818e-16
5	8	12	0.1385106347745224	5.438612077309443e-16
5	9	0	-0.08828291644342193	-7.935784285722744e-17
5	9	1	0.24212754899281683	-1.8965888043947506e-16
5	9	2	-5.435328322032422e-14	1.4898815490941011e-15
5	9	3	-5.4877713253710166e-14	2.4886165483756652e-15
5	9	4	7.062716133549397e-14	-3.4839368806158244e-15
5	9	5	-7.020035803933506e-14	3.829286381134232e-15
5	9	6	-0.2642452982598597	1.1678913742385981e-16
5	9	7	1.0000332185063042e-13	-3.961330142445641e-15
5	9	8	-9.957248811778459e-14	3.93696802450566e-15
5	9	9	2.686402024922736e-13	-1.1478152373463947e-14
5	9	10	-1.3414712266529165e-13	5.740846101543786e-15
5	9	11	0.18376930949894715	-1.5775254909499514e-16
5	9	12	-0.11541527056181985	-5.951918106466122e-16
5	9	13	-9.742625691621696e-14	4.448245581239751e-15
5	9	14	-9.694460254977261e-14	4.381935585400921e-15
5	10	0	0.0882829164434224	4.408009778581715e-16
5	10	1	-0.24212754899281738	5.507180679237323e-16
5	10	6	0.2642452982598605	-2.975513128847837e-16
5	10	9	-1.341471226652916e-13	5.740846101543786e-15
5	10	11	-0.18376930949894776	1.663952841956223e-16
5	10	12	0.11541527056182042	5.31356082016404e-16
5	11	0	6.406642406660096e-14	-3.0610247483288003e-15
5	11	1	-1.7660614781112845e-13	7.312997103660396e-15
5	11	2	-0.0737794973405036	5.043665281432677e-16
5	11	3	-0.07377949734050361	3.0379373189235747e-16
5	11	4	0.09582625124736878	-3.615326531663241e-16
5	11	5	-0.0958262512473681	4.400296672682224e-16
5	11	6	1.9204826531754608e-13	-8.776143620946172e-15
5	11	7	0.1372196877007356	-3.1604304412843304e-16
5	11	8	-0.13721968770073467	1.8507087398017823e-16
5	11	9	0.18376930949894726	-1.5775254909499494e-16
5	11	10	-0.18376930949894782	1.6639528419562224e-16
5	11	11	-2.6815389591211936e-13	1.2005220868038107e-14
5	11	12	8.347860509715422e-14	-3.1606424927365415e-15
5	11	13	-0.1332796046536258	7.002216188650535e-16
5	11	14	-0.13327960465362557	7.480879171878616e-16
5	12	2	0.03094278183442832	-2.0717895900555439e-16
5	12	3	0.030942781834428158	-4.618081973336072e-16
5	12	4	-0.007765840315761485	2.3588828198124826e-16
5	12	5	0.007765840315761323	-1.1253780028318243e-16
5	12	7	-0.138510634774523	-4.1734890611209145e-16
5	12	8	0.13851063477452238	5.438612077309452e-16
5	12	9	-0.11541527056181984	-5.951918106466125e-16
5	12	10	0.11541527056182042	5.313560820164042e-16
5	12	11	8.347860509715418e-14	-3.1606424927365446e-15
5	12	13	-0.11628134429339369	1.6203195797207814e-15
5	12	14	-0.11628134429339414	1.6072977031972715e-15
5	13	0	0.02776920310517959	-4.890481340503813e-16
5	13	1	0.11469866894290798	-1.1713436521736585e-15
5	13	6	0.08919561149854338	-9.17563863487281e-16
5	13	9	-9.74262569162169e-14	4.448245581239749e-15
5	13	11	-0.13327960465362573	7.002216188650527e-16
5	13	12	-0.11628134429339362	1.620319579720781e-15
5	14	0	0.0277692031051789	4.2480426434108553e-16
5	14	1	0.1146986689429077	-4.580575009475865e-16
5	14	6	0.08919561149854335	-1.0582036408988252e-15
5	14	9	-9.694460254977257e-14	4.381935585400918e-15
5	14	11	-0.13327960465362554	7.480879171878612e-16
5	14	12	-0.11628134429339411	1.6072977031972721e-15
6	2	2	0.033683203115296705	6.96345270911889e-18
6	2	3	-0.03368320311529665	7.912438390078686e-18
6	2	9	-0.009914394895757928	1.1834618342112542e-19
6	2	10	-0.009914394895757923	1.2901914218653474e-17
6	2	13	-0.003554383506289143	-2.6902627848078383e-17
6	2	14	0.003554383506289127	6.276302755906229e-17
6	3	2	-0.03368320311529665	7.912438390078687e-18
6	3	3	0.033683203115296594	-2.276113177304102e-17
6	3	9	0.009914394895757885	-1.937837832451897e-18
6	3	10	0.009914394895757881	-1.4684219788851965e-17
6	3	13	0.0035543835062891473	2.879867534383357e-17
6	3	14	-0.0035543835062891316	-6.463915697721944e-17
6	4	4	0.0311275430508237	-4.4529832018954486e-17
6	4	5	0.03112754305082365	-4.211528491518775e-17
6	4	7	0.0141593463263946	-3.1111907731043976e-17
6	4	8	0.01415934632639462	-1.7751069730748887e-17
6	5	4	0.03112754305082365	-4.211528491518776e-17
6	5	5	0.031127543050823606	-3.9666237511621436e-17
6	5	7	0.014159346326394592	-4.1177573085524966e-17
6	5	8	0.01415934632639461	-2.782842963493881e-17
6	7	4	0.014159346326394599	-3.111190773104401e-17
6	7	5	0.01415934632639459	-4.117757308552498e-17
6	7	7	-0.021952733071896297	3.796626906077306e-17
6	7	8	-0.021952733071896376	1.0613377059268751e-17
6	8	4	0.014159346326394618	-1.7751069730748908e-17
6	8	5	0.014159346326394612	-2.7828429634938814e-17
6	8	7	-0.02195273307189637	1.0613377059268737e-17
6	8	8	-0.02195273307189645	-1.680293773107562e-17
6	9	2	-0.009914394895757928	1.1834618342113466e-19
6	9	3	0.009914394895757886	-1.937837832451907e-18
6	9	9	-0.019787095800438095	1.38416474334698e-17
6	9	10	-0.019787095800438068	1.788161509890796e-17
6	9	11	1.4492428852665387e-14	-6.262961145922176e-16
6	9	13	0.009048132470822201	-7.539260577199327e-17
6	9	14	-0.009048132470822218	1.0161330019407629e-16
6	10	2	-0.009914394895757923	1.2901914218653477e-17
6	10	3	0.009914394895757881	-1.468421978885196e-17
6	10	9	-0.01978709580043807	1.7881615098907965e-17
6	10	10	-0.019787095800438043	2.1925789307671763e-17
6	10	11	1.4492923028958122e-14	-6.2614326346925e-16
6	10	13	0.009048132470822189	-8.423147380452586e-17
6	10	14	-0.009048132470822206	1.1047929859157318e-16
6	11	9	1.4492428852665384e-14	-6.262961145922172e-16
6	11	10	1.4492923028958128e-14	-6.261432634692502e-16
6	13	2	-0.003554383506289144	-2.690262784807838e-17
6	13	3	0.0035543835062891473	2.8798675343833554e-17
6	13	9	0.0090481324708222	-7.539260577199327e-17
6	13	10	0.009048132470822187	-8.423147380452584e-17
6	13	13	0.005475010109997465	-6.292032848446936e-17
6	13	14	-0.005475010109997496	6.923778413666612e-17
6	14	2	0.0035543835062891308	6.276302755906232e-17
6	14	3	-0.003554383506289136	-6.463915697721944e-17
6	14	9	-0.009048132470822217	1.0161330019407629e-16
6	14	10	-0.009048132470822205	1.1047929859157315e-16
6	14	13	-0.005475010109997498	6.923778413666614e-17
6	14	14	0.005475010109997526	-7.552814446941606e-17
7	0	2	-0.5498428486778822	-5.344745025594476e-16
7	0	3	0.5498428486778834	-1.319472757996233e-16
7	0	4	0.465515882076274	1.703836187294522e-16
7	0	5	0.4655158820762717	1.3629251270217589e-16
7	0	7	-0.11719853752958284	8.139634611062616e-16
7	0	8	-0.11719853752958254	5.680387484502468e-16
7	0	9	-0.08828291644342227	1.5489077608692466e-17
7	0	10	-0.0882829164434223	-7.026792451855874e-17
7	0	11	6.525919135360367e-14	-3.465650186228758e-15
7	0	13	0.02776920310517886	4.702343601941587e-16
7	0	14	-0.027769203105178716	-4.129158199009082e-16
7	1	2	-0.2442331846079026	2.7297112931960596e-16
7	1	3	0.2442331846079035	-2.954151382398301e-16
7	1	4	0.32622838727687997	-3.849569171081975e-16
7	1	5	0.32622838727687825	-3.917570568409989e-16
7	1	7	0.3010407999519157	-9.902010485643477e-16
7	1	8	0.3010407999519161	-6.926098571113626e-16
7	1	9	0.24212754899281658	-2.542513998597061e-16
7	1	10	0.24212754899281702	-4.76982280219604e-16
7	1	11	-1.771192987437099e-13	7.297139310607859e-15
7	1	13	0.11469866894290816	-3.4859911530301276e-16
7	1	14	-0.11469866894290787	3.6825707315229994e-16
7	2	0	-0.5498428486778821	-5.344745025594477e-16
7	2	1	-0.2442331846079027	2.729711293196058e-16
7	2	6	0.033060660905262364	-2.6203125506689433e-16
7	2	9	5.3777045760783125e-14	-3.178966098688665e-15
7	2	11	0.07377949734050325	-1.4835002402780267e-16
7	2	12	-0.030942781834427918	3.2097662999862054e-16
7	3	0	0.5498428486778834	-1.3194727579962326e-16
7	3	1	0.24423318460790355	-2.954151382398299e-16
7	3	6	-0.033060660905262024	-6.471479071116261e-18
7	3	9	-5.4757204367705925e-14	2.495738890853745e-15
7	3	11	-0.07377949734050354	1.9229138875857574e-16
7	3	12	0.030942781834427977	-1.6680726875590745e-16
7	4	0	0.4655158820762741	1.7038361872945213e-16
7	4	1	0.3262283872768798	-3.8495691710819745e-16
7	4	6	0.08236395033899767	-2.8021065463180923e-16
7	4	9	-6.959861678109899e-14	2.644358914082971e-15
7	4	11	-0.09582625124736825	3.3679065077880286e-16
7	4	12	0.007765840315761175	-1.897490831514052e-17
7	5	0	0.46551588207627187	1.3629251270217542e-16
7	5	1	0.3262283872768781	-3.9175705684099893e-16
7	5	6	0.08236395033899808	-2.3031950891354393e-16
7	5	9	-7.018816626367045e-14	3.805833499884108e-15
7	5	11	-0.09582625124736793	2.3772004910455322e-16
7	5	12	0.007765840315761325	-9.065107134268784e-17
7	6	2	0.033060660905262336	-2.620312550668941e-16
7	6	3	-0.03306066090526203	-6.4714790711166434e-18
7	6	4	0.08236395033899763	-2.802106546318095e-16
7	6	5	0.08236395033899807	-2.3031950891354453e-16
7	6	7	-0.33153329889490074	7.382893179502593e-16
7	6	8	-0.33153329889490124	3.390394386332942e-16
7	6	9	-0.26424529825986	-1.0487475998984699e-16
7	6	10	-0.2642452982598604	2.8218780505923064e-16
7	6	11	1.9383428272540132e-13	-8.883474320409502e-15
7	6	13	0.08919561149854262	-1.0498370268527795e-15
7	6	14	-0.08919561149854283	1.4821488808529502e-15
7	7	0	-0.11719853752958291	8.139634611062621e-16
7	7	1	0.3010407999519156	-9.902010485643477e-16
7	7	6	-0.33153329889490074	7.382893179502595e-16
7	7	9	1.0002556355319741e-13	-3.9606112759329235e-15
7	7	11	0.137219687700735	-5.381473089129987e-16
7	7	12	-0.13851063477452258	-9.772627742705846e-17
7	8	0	-0.1171985375295825	5.680387484502468e-16
7	8	1	0.301040799951916	-6.926098571113628e-16
7	8	6	-0.3315332988949011	3.390394386332944e-16
7	8	9	1.0095973067247837e-13	-4.4369334220686405e-15
7	8	11	0.1372196877007352	-2.543752296947328e-16
7	8	12	-0.138510634774523	-4.0126934194837494e-16
7	9	0	-0.08828291644342232	1.548907760869256e-17
7	9	1	0.24212754899281658	-2.5425139985970664e-16
7	9	2	5.3777045760783106e-14	-3.178966098688665e-15
7	9	3	-5.475720436770595e-14	2.4957388908537455e-15
7	9	4	-6.959861678109897e-14	2.6443589140829713e-15
7	9	5	-7.018816626367046e-14	3.805833499884111e-15
7	9	6	-0.2642452982598599	-1.0487475998984686e-16
7	9	7	1.0002556355319753e-13	-3.9606112759329235e-15
7	9	8	1.009597306724784e-13	-4.436933422068641e-15
7	9	9	2.6847897514162964e-13	-1.1489238076970318e-14
7	9	10	1.3441135134173807e-13	-5.720210561836351e-15
7	9	11	0.18376930949894754	2.247234314149811e-17
7	9	12	-0.11541527056181969	-4.89682804950759e-16
7	9	13	-9.753056957803656e-14	4.434910365266062e-15
7	9	14	9.707605762654105e-14	-4.249380143699191e-15
7	10	0	-0.08828291644342226	-7.026792451855877e-17
7	10	1	0.24212754899281705	-4.769822802196041e-16
7	10	6	-0.26424529825986043	2.821878050592307e-16
7	10	9	1.3441135134173805e-13	-5.72021056183635e-15
7	10	11	0.1837693094989475	-2.430320960491791e-16
7	10	12	-0.11541527056181991	-2.3494307866316995e-16
7	11	0	6.525919135360379e-14	-3.4656501862287595e-15
7	11	1	-1.7711929874370988e-13	7.297139310607855e-15
7	11	2	0.07377949734050324	-1.483500240278026e-16
7	11	3	-0.07377949734050351	1.9229138875857574e-16
7	11	4	-0.09582625124736825	3.367906507788029e-16
7	11	5	-0.0958262512473679	2.3772004910455347e-16
7	11	6	1.9383428272540124e-13	-8.883474320409501e-15
7	11	7	0.13721968770073503	-5.381473089129989e-16
7	11	8	0.13721968770073525	-2.5437522969473284e-16
7	11	9	0.18376930949894763	2.2472343141498445e-17
7	11	10	0.18376930949894763	-2.43032096049179e-16
7	11	11	-2.69322134437983e-13	1.1808492410011777e-14
7	11	12	8.447411127422296e-14	-3.2329207961256244e-15
7	11	13	-0.1332796046536254	6.37444840344623e-16
7	11	14	0.13327960465362548	-8.941050077661106e-16
7	12	2	-0.03094278183442787	3.209766299986204e-16
7	12	3	0.03094278183442793	-1.6680726875590772e-16
7	12	4	0.007765840315761139	-1.8974908315140766e-17
7	12	5	0.007765840315761241	-9.065107134268816e-17
7	12	7	-0.1385106347745225	-9.772627742705895e-17
7	12	8	-0.138510634774523	-4.0126934194837573e-16
7	12	9	-0.11541527056181966	-4.896828049507597e-16
7	12	10	-0.1154152705618199	-2.349430786631703e-16
7	12	11	8.447411127422294e-14	-3.2329207961256256e-15
7	12	13	-0.11628134429339379	1.2875029535855712e-15
7	12	14	0.11628134429339389	-1.9788460326110374e-15
7	13	0	0.027769203105178865	4.702343601941585e-16
7	13	1	0.11469866894290816	-3.4859911530301335e-16
7	13	6	0.08919561149854262	-1.0498370268527791e-15
7	13	9	-9.753056957803654e-14	4.43491036526606e-15
7	13	11	-0.13327960465362526	6.374448403446224e-16
7	13	12	-0.11628134429339372	1.2875029535855716e-15
7	14	0	-0.027769203105178816	-4.129158199009088e-16
7	14	1	-0.11469866894290787	3.6825707315230033e-16
7	14	6	-0.08919561149854288	1.4821488808529502e-15
7	14	9	9.707605762654105e-14	-4.249380143699188e-15
7	14	11	0.13327960465362546	-8.9410500776611e-16
7	14	12	0.11628134429339387	-1.978846032611037e-15
8	0	0	0.5804948363032731	6.222897652450059e-16
8	0	1	0.5736538554771545	1.8696512966430714e-16
8	0	6	-0.3086026549400699	2.685476712128096e-16
8	0	9	3.9573249246119974e-14	-1.88219225887598e-15
8	0	11	0.054452920957214504	2.8224120832973125e-16
8	0	12	0.09628809448223595	-1.3530846115616987e-15
8	1	0	0.573653855477155	1.8696512966430695e-16
8	1	1	0.33672694096698813	-4.2445034379486485e-16
8	1	6	0.15248132480952695	-4.133784215393194e-16
8	1	9	-2.131377805550105e-13	9.43508174483033e-15
8	1	11	-0.29161244959223764	7.270651905498553e-16
8	1	12	-0.049788935183573906	3.4487650592697066e-16
8	2	2	-0.22340638071750654	-5.222413611997593e-16
8	2	4	-0.0001479682038913992	-4.063248578871358e-17
8	2	8	-0.0002962624490554153	3.9349017572846234e-16
8	2	10	-0.1366580861352639	-5.923329103731133e-16
8	2	14	0.1788313967783737	4.3821643166325987e-16
8	3	3	0.22340638071750532	-1.0925259626457249e-16
8	3	5	-0.00014796820389187374	-1.7603917597882862e-17
8	3	7	-0.00029626244905684405	3.826674938242929e-16
8	3	9	-0.13665808613526356	-3.53418614489872e-17
8	3	11	1.0111780567111195e-13	-4.45807046621305e-15
8	3	13	-0.17883139677837304	-5.338584818052105e-17
8	4	2	-0.00014796820389137308	-4.063248578871367e-17
8	4	4	0.0014923320807028217	-1.4209560402882036e-16
8	4	8	0.16396731508973753	-3.9025180960187625e-16
8	4	10	0.00024107235855211261	7.881113032903801e-17
8	4	14	0.00030321266492421646	4.1475697588949033e-16
8	5	3	-0.0001479682038918667	-1.7603917597882714e-17
8	5	5	-0.0014923320807024665	3.4790496774712866e-16
8	5	7	-0.16396731508973747	2.571910455558235e-16
8	5	9	-0.00024107235855145862	-1.6577892966561108e-16
8	5	13	0.00030321266492421944	3.6925940488629075e-16
8	6	0	-0.30860265494006994	2.685476712128091e-16
8	6	1	0.15248132480952695	-4.1337842153931993e-16
8	6	6	-0.427834379870801	8.814005191766507e-16
8	6	9	2.188558249183688e-13	-9.332652154430734e-15
8	6	11	0.2990327788432901	-3.294741985486259e-16
8	6	12	-0.12103248997852264	-7.799840587188382e-16
8	7	3	-0.00029626244905683625	3.8266749382429287e-16
8	7	5	-0.1639673150897375	2.571910455558237e-16
8	7	7	0.15841163979593112	3.246220387725617e-16
8	7	9	-0.0004475484376751845	4.8823912773988706e-18
8	7	13	0.0003572186793707601	-3.331365700138676e-16
8	8	2	-0.00029626244905543036	3.9349017572846244e-16
8	8	4	0.16396731508973741	-3.9025180960187645e-16
8	8	8	-0.15841163979593068	-1.835003181932479e-16
8	8	10	0.0004475484376750838	1.6246347132239248e-16
8	8	14	0.0003572186793701596	-5.489373549758842e-16
8	9	0	3.957324924612002e-14	-1.8821922588759796e-15
8	9	1	-2.1313778055501066e-13	9.435081744830332e-15
8	9	3	-0.13665808613526367	-3.534186144898736e-17
8	9	5	-0.00024107235855144176	-1.6577892966561103e-16
8	9	6	2.1885582491836893e-13	-9.332652154430735e-15
8	9	7	-0.00044754843767516437	4.882391277398969e-18
8	9	9	0.07614858249867447	3.132825518728876e-16
8	9	11	-2.1283583403466915e-13	9.087195283457829e-15
8	9	12	1.5435809293997503e-13	-7.105325377868611e-15
8	9	13	0.12743769557779352	5.187043950688848e-16
8	10	2	-0.13665808613526398	-5.923329103731132e-16
8	10	4	0.0002410723585521057	7.881113032903801e-17
8	10	8	0.0004475484376751078	1.6246347132239243e-16
8	10	10	-0.07614858249867447	-7.027614349822445e-16
8	10	14	0.12743769557779333	7.980096337380957e-16
8	11	0	0.05445292095721461	2.8224120832973145e-16
8	11	1	-0.2916124495922378	7.270651905498557e-16
8	11	3	1.0111780567111195e-13	-4.458070466213046e-15
8	11	6	0.29903277884329027	-3.2947419854862623e-16
8	11	9	-2.128358340346691e-13	9.087195283457827e-15
8	11	11	-0.21506201467574126	5.894476515759177e-16
8	11	12	0.21133346671289738	8.402219972643989e-16
8	11	13	-9.356364954499792e-14	3.8384550817416516e-15
8	12	0	0.096288094482236	-1.3530846115616993e-15
8	12	1	-0.049788935183574044	3.448765059269707e-16
8	12	6	-0.12103248997852255	-7.79984058718838e-16
8	12	9	1.5435809293997495e-13	-7.105325377868606e-15
8	12	11	0.21133346671289732	8.402219972643993e-16
8	12	12	0.2618307715662986	-4.475346501119517e-16
8	13	3	-0.17883139677837293	-5.3385848180521015e-17
8	13	5	0.0003032126649242346	3.6925940488629075e-16
8	13	7	0.00035721867937077174	-3.3313657001386734e-16
8	13	9	0.1274376955777935	5.187043950688849e-16
8	13	11	-9.356364954499792e-14	3.838455081741652e-15
8	13	13	0.1643373654517894	9.820218182824516e-16
8	14	2	0.17883139677837365	4.3821643166325963e-16
8	14	4	0.0003032126649242283	4.1475697588949043e-16
8	14	8	0.0003572186793701392	-5.489373549758839e-16
8	14	10	0.12743769557779333	7.980096337380954e-16
8	14	14	-0.16433736545178915	-1.404134643978652e-15
